1, 485, 1, 1, 1
2, 485, 1, 2, 1
3, 485, 1, 3, 1
4, 485, 1, 4, 1
5, 485, 1, 5, 1
6, 485, 1, 6, 1
7, 485, 1, 7, 1
8, 485, 1, 8, 1
9, 485, 1, 9, 1
10, 485, 1, 10, 1
11, 485, 1, 11, 1
12, 485, 1, 12, 1
13, 485, 1, 13, 1
14, 485, 1, 14, 1
15, 485, 1, 15, 1
16, 485, 1, 16, 1
17, 485, 1, 17, 1
18, 485, 1, 18, 1
19, 485, 1, 19, 1
20, 485, 1, 20, 1
21, 485, 1, 21, 1
22, 485, 1, 22, 1
23, 485, 1, 23, 1
24, 485, 1, 24, 1
25, 485, 1, 25, 1
26, 485, 1, 26, 1
27, 485, 1, 27, 1
28, 485, 1, 28, 1
29, 485, 1, 29, 1
30, 485, 1, 30, 1
31, 485, 1, 31, 1
32, 485, 1, 32, 1
33, 485, 1, 33, 1
34, 485, 1, 34, 1
35, 485, 1, 35, 1
36, 485, 1, 36, 1
37, 485, 1, 37, 1
38, 485, 1, 38, 1
39, 485, 1, 39, 1
40, 485, 1, 40, 1
41, 485, 1, 41, 1
42, 485, 1, 42, 1
43, 485, 1, 43, 1
44, 485, 1, 44, 1
45, 485, 1, 45, 1
46, 485, 1, 46, 1
47, 485, 1, 47, 1
48, 485, 1, 48, 1
49, 485, 1, 49, 1
50, 485, 1, 50, 1
51, 485, 1, 51, 1
52, 485, 1, 52, 1
53, 485, 1, 53, 1
54, 485, 1, 54, 1
55, 485, 1, 55, 1
56, 485, 1, 56, 1
57, 485, 1, 57, 1
58, 485, 1, 58, 1
59, 485, 1, 59, 1
60, 485, 1, 60, 1
61, 485, 1, 61, 1
62, 485, 1, 62, 1
63, 485, 1, 63, 1
64, 485, 1, 64, 1
65, 485, 1, 65, 1
66, 485, 1, 66, 1
67, 485, 1, 67, 1
68, 485, 1, 68, 1
69, 485, 1, 69, 1
70, 485, 1, 70, 1
71, 485, 1, 71, 1
72, 485, 1, 72, 1
73, 485, 1, 73, 1
74, 485, 1, 74, 1
75, 485, 1, 75, 1
76, 485, 1, 76, 1
77, 485, 1, 77, 1
78, 485, 1, 78, 1
79, 485, 1, 79, 1
80, 485, 1, 80, 1
81, 485, 1, 81, 1
82, 485, 1, 82, 1
83, 485, 1, 83, 1
84, 485, 1, 84, 1
85, 485, 1, 85, 1
86, 485, 1, 86, 1
87, 485, 1, 87, 1
88, 485, 1, 88, 1
89, 485, 1, 89, 1
90, 485, 1, 90, 1
91, 485, 1, 91, 1
92, 485, 1, 92, 1
93, 485, 1, 93, 1
94, 485, 1, 94, 1
95, 485, 1, 95, 1
96, 485, 1, 96, 1
97, 485, 1, 97, 1
98, 485, 1, 98, 1
99, 485, 1, 99, 1
100, 485, 1, 100, 1
101, 485, 2, 1, 1
102, 485, 2, 2, 1
103, 485, 2, 3, 1
104, 485, 2, 4, 1
105, 485, 2, 5, 1
106, 485, 2, 6, 1
107, 485, 2, 7, 1
108, 485, 2, 8, 1
109, 485, 2, 9, 1
110, 485, 2, 10, 1
111, 485, 2, 11, 1
112, 485, 2, 12, 1
113, 485, 2, 13, 1
114, 485, 2, 14, 1
115, 485, 2, 15, 1
116, 485, 2, 16, 1
117, 485, 2, 17, 1
118, 485, 2, 18, 1
119, 485, 2, 19, 1
120, 485, 2, 20, 1
121, 485, 2, 21, 1
122, 485, 2, 22, 1
123, 485, 2, 23, 1
124, 485, 2, 24, 1
125, 485, 2, 25, 1
126, 485, 2, 26, 1
127, 485, 2, 27, 1
128, 485, 2, 28, 1
129, 485, 2, 29, 1
130, 485, 2, 30, 1
131, 485, 2, 31, 1
132, 485, 2, 32, 1
133, 485, 2, 33, 1
134, 485, 2, 34, 1
135, 485, 2, 35, 1
136, 485, 2, 36, 1
137, 485, 2, 37, 1
138, 485, 2, 38, 1
139, 485, 2, 39, 1
140, 485, 2, 40, 1
141, 485, 2, 41, 1
142, 485, 2, 42, 1
143, 485, 2, 43, 1
144, 485, 2, 44, 1
145, 485, 2, 45, 1
146, 485, 2, 46, 1
147, 485, 2, 47, 1
148, 485, 2, 48, 1
149, 485, 2, 49, 1
150, 485, 2, 50, 1
151, 485, 2, 51, 1
152, 485, 2, 52, 1
153, 485, 2, 53, 1
154, 485, 2, 54, 1
155, 485, 2, 55, 1
156, 485, 2, 56, 1
157, 485, 2, 57, 1
158, 485, 2, 58, 1
159, 485, 2, 59, 1
160, 485, 2, 60, 1
161, 485, 2, 61, 1
162, 485, 2, 62, 1
163, 485, 2, 63, 1
164, 485, 2, 64, 1
165, 485, 2, 65, 1
166, 485, 2, 66, 1
167, 485, 2, 67, 1
168, 485, 2, 68, 1
169, 485, 2, 69, 1
170, 485, 2, 70, 1
171, 485, 2, 71, 1
172, 485, 2, 72, 1
173, 485, 2, 73, 1
174, 485, 2, 74, 1
175, 485, 2, 75, 1
176, 485, 2, 76, 1
177, 485, 2, 77, 1
178, 485, 2, 78, 1
179, 485, 2, 79, 1
180, 485, 2, 80, 1
181, 485, 2, 81, 1
182, 485, 2, 82, 1
183, 485, 2, 83, 1
184, 485, 2, 84, 1
185, 485, 2, 85, 1
186, 485, 2, 86, 1
187, 485, 2, 87, 1
188, 485, 2, 88, 1
189, 485, 2, 89, 1
190, 485, 2, 90, 1
191, 485, 2, 91, 1
192, 485, 2, 92, 1
193, 485, 2, 93, 1
194, 485, 2, 94, 1
195, 485, 2, 95, 1
196, 485, 2, 96, 1
197, 485, 2, 97, 1
198, 485, 2, 98, 1
199, 485, 2, 99, 1
200, 485, 2, 100, 1
201, 485, 3, 1, 1
202, 485, 3, 2, 1
203, 485, 3, 3, 1
204, 485, 3, 4, 1
205, 485, 3, 5, 1
206, 485, 3, 6, 1
207, 485, 3, 7, 1
208, 485, 3, 8, 1
209, 485, 3, 9, 1
210, 485, 3, 10, 1
211, 485, 3, 11, 1
212, 485, 3, 12, 1
213, 485, 3, 13, 1
214, 485, 3, 14, 1
215, 485, 3, 15, 1
216, 485, 3, 16, 1
217, 485, 3, 17, 1
218, 485, 3, 18, 1
219, 485, 3, 19, 1
220, 485, 3, 20, 1
221, 485, 3, 21, 1
222, 485, 3, 22, 1
223, 485, 3, 23, 1
224, 485, 3, 24, 1
225, 485, 3, 25, 1
226, 485, 3, 26, 1
227, 485, 3, 27, 1
228, 485, 3, 28, 1
229, 485, 3, 29, 1
230, 485, 3, 30, 1
231, 485, 3, 31, 1
232, 485, 3, 32, 1
233, 485, 3, 33, 1
234, 485, 3, 34, 1
235, 485, 3, 35, 1
236, 485, 3, 36, 1
237, 485, 3, 37, 1
238, 485, 3, 38, 1
239, 485, 3, 39, 1
240, 485, 3, 40, 1
241, 485, 3, 41, 1
242, 485, 3, 42, 1
243, 485, 3, 43, 1
244, 485, 3, 44, 1
245, 485, 3, 45, 1
246, 485, 3, 46, 1
247, 485, 3, 47, 1
248, 485, 3, 48, 1
249, 485, 3, 49, 1
250, 485, 3, 50, 1
251, 485, 3, 51, 1
252, 485, 3, 52, 1
253, 485, 3, 53, 1
254, 485, 3, 54, 1
255, 485, 3, 55, 1
256, 485, 3, 56, 1
257, 485, 3, 57, 1
258, 485, 3, 58, 1
259, 485, 3, 59, 1
260, 485, 3, 60, 1
261, 485, 3, 61, 1
262, 485, 3, 62, 1
263, 485, 3, 63, 1
264, 485, 3, 64, 1
265, 485, 3, 65, 1
266, 485, 3, 66, 1
267, 485, 3, 67, 1
268, 485, 3, 68, 1
269, 485, 3, 69, 1
270, 485, 3, 70, 1
271, 485, 3, 71, 1
272, 485, 3, 72, 1
273, 485, 3, 73, 1
274, 485, 3, 74, 1
275, 485, 3, 75, 1
276, 485, 3, 76, 1
277, 485, 3, 77, 1
278, 485, 3, 78, 1
279, 485, 3, 79, 1
280, 485, 3, 80, 1
281, 485, 3, 81, 1
282, 485, 3, 82, 1
283, 485, 3, 83, 1
284, 485, 3, 84, 1
285, 485, 3, 85, 1
286, 485, 3, 86, 1
287, 485, 3, 87, 1
288, 485, 3, 88, 1
289, 485, 3, 89, 1
290, 485, 3, 90, 1
291, 485, 3, 91, 1
292, 485, 3, 92, 1
293, 485, 3, 93, 1
294, 485, 3, 94, 1
295, 485, 3, 95, 1
296, 485, 3, 96, 1
297, 485, 3, 97, 1
298, 485, 3, 98, 1
299, 485, 3, 99, 1
300, 485, 3, 100, 1
301, 485, 4, 1, 1
302, 485, 4, 2, 1
303, 485, 4, 3, 1
304, 485, 4, 4, 1
305, 485, 4, 5, 1
306, 485, 4, 6, 1
307, 485, 4, 7, 1
308, 485, 4, 8, 1
309, 485, 4, 9, 1
310, 485, 4, 10, 1
311, 485, 4, 11, 1
312, 485, 4, 12, 1
313, 485, 4, 13, 1
314, 485, 4, 14, 1
315, 485, 4, 15, 1
316, 485, 4, 16, 1
317, 485, 4, 17, 1
318, 485, 4, 18, 1
319, 485, 4, 19, 1
320, 485, 4, 20, 1
321, 485, 4, 21, 1
322, 485, 4, 22, 1
323, 485, 4, 23, 1
324, 485, 4, 24, 1
325, 485, 4, 25, 1
326, 485, 4, 26, 1
327, 485, 4, 27, 1
328, 485, 4, 28, 1
329, 485, 4, 29, 1
330, 485, 4, 30, 1
331, 485, 4, 31, 1
332, 485, 4, 32, 1
333, 485, 4, 33, 1
334, 485, 4, 34, 1
335, 485, 4, 35, 1
336, 485, 4, 36, 1
337, 485, 4, 37, 1
338, 485, 4, 38, 1
339, 485, 4, 39, 1
340, 485, 4, 40, 1
341, 485, 4, 41, 1
342, 485, 4, 42, 1
343, 485, 4, 43, 1
344, 485, 4, 44, 1
345, 485, 4, 45, 1
346, 485, 4, 46, 1
347, 485, 4, 47, 1
348, 485, 4, 48, 1
349, 485, 4, 49, 1
350, 485, 4, 50, 1
351, 485, 4, 51, 1
352, 485, 4, 52, 1
353, 485, 4, 53, 1
354, 485, 4, 54, 1
355, 485, 4, 55, 1
356, 485, 4, 56, 1
357, 485, 4, 57, 1
358, 485, 4, 58, 1
359, 485, 4, 59, 1
360, 485, 4, 60, 1
361, 485, 4, 61, 1
362, 485, 4, 62, 1
363, 485, 4, 63, 1
364, 485, 4, 64, 1
365, 485, 4, 65, 1
366, 485, 4, 66, 1
367, 485, 4, 67, 1
368, 485, 4, 68, 1
369, 485, 4, 69, 1
370, 485, 4, 70, 1
371, 485, 4, 71, 1
372, 485, 4, 72, 1
373, 485, 4, 73, 1
374, 485, 4, 74, 1
375, 485, 4, 75, 1
376, 485, 4, 76, 1
377, 485, 4, 77, 1
378, 485, 4, 78, 1
379, 485, 4, 79, 1
380, 485, 4, 80, 1
381, 485, 4, 81, 1
382, 485, 4, 82, 1
383, 485, 4, 83, 1
384, 485, 4, 84, 1
385, 485, 4, 85, 1
386, 485, 4, 86, 1
387, 485, 4, 87, 1
388, 485, 4, 88, 1
389, 485, 4, 89, 1
390, 485, 4, 90, 1
391, 485, 4, 91, 1
392, 485, 4, 92, 1
393, 485, 4, 93, 1
394, 485, 4, 94, 1
395, 485, 4, 95, 1
396, 485, 4, 96, 1
397, 485, 4, 97, 1
398, 485, 4, 98, 1
399, 485, 4, 99, 1
400, 485, 4, 100, 1
401, 485, 5, 1, 1
402, 485, 5, 2, 1
403, 485, 5, 3, 1
404, 485, 5, 4, 1
405, 485, 5, 5, 1
406, 485, 5, 6, 1
407, 485, 5, 7, 1
408, 485, 5, 8, 1
409, 485, 5, 9, 1
410, 485, 5, 10, 1
411, 485, 5, 11, 1
412, 485, 5, 12, 1
413, 485, 5, 13, 1
414, 485, 5, 14, 1
415, 485, 5, 15, 1
416, 485, 5, 16, 1
417, 485, 5, 17, 1
418, 485, 5, 18, 1
419, 485, 5, 19, 1
420, 485, 5, 20, 1
421, 485, 5, 21, 1
422, 485, 5, 22, 1
423, 485, 5, 23, 1
424, 485, 5, 24, 1
425, 485, 5, 25, 1
426, 485, 5, 26, 1
427, 485, 5, 27, 1
428, 485, 5, 28, 1
429, 485, 5, 29, 1
430, 485, 5, 30, 1
431, 485, 5, 31, 1
432, 485, 5, 32, 1
433, 485, 5, 33, 1
434, 485, 5, 34, 1
435, 485, 5, 35, 1
436, 485, 5, 36, 1
437, 485, 5, 37, 1
438, 485, 5, 38, 1
439, 485, 5, 39, 1
440, 485, 5, 40, 1
441, 485, 5, 41, 1
442, 485, 5, 42, 1
443, 485, 5, 43, 1
444, 485, 5, 44, 1
445, 485, 5, 45, 1
446, 485, 5, 46, 1
447, 485, 5, 47, 1
448, 485, 5, 48, 1
449, 485, 5, 49, 1
450, 485, 5, 50, 1
451, 485, 5, 51, 1
452, 485, 5, 52, 1
453, 485, 5, 53, 1
454, 485, 5, 54, 1
455, 485, 5, 55, 1
456, 485, 5, 56, 1
457, 485, 5, 57, 1
458, 485, 5, 58, 1
459, 485, 5, 59, 1
460, 485, 5, 60, 1
461, 485, 5, 61, 1
462, 485, 5, 62, 1
463, 485, 5, 63, 1
464, 485, 5, 64, 1
465, 485, 5, 65, 1
466, 485, 5, 66, 1
467, 485, 5, 67, 1
468, 485, 5, 68, 1
469, 485, 5, 69, 1
470, 485, 5, 70, 1
471, 485, 5, 71, 1
472, 485, 5, 72, 1
473, 485, 5, 73, 1
474, 485, 5, 74, 1
475, 485, 5, 75, 1
476, 485, 5, 76, 1
477, 485, 5, 77, 1
478, 485, 5, 78, 1
479, 485, 5, 79, 1
480, 485, 5, 80, 1
481, 485, 5, 81, 1
482, 485, 5, 82, 1
483, 485, 5, 83, 1
484, 485, 5, 84, 1
1, 486, 5, 85, 1
2, 486, 5, 86, 1
3, 486, 5, 87, 1
4, 486, 5, 88, 1
5, 486, 5, 89, 1
6, 486, 5, 90, 1
7, 486, 5, 91, 1
8, 486, 5, 92, 1
9, 486, 5, 93, 1
10, 486, 5, 94, 1
11, 486, 5, 95, 1
12, 486, 5, 96, 1
13, 486, 5, 97, 1
14, 486, 5, 98, 1
15, 486, 5, 99, 1
16, 486, 5, 100, 1
17, 486, 6, 1, 1
18, 486, 6, 2, 1
19, 486, 6, 3, 1
20, 486, 6, 4, 1
21, 486, 6, 5, 1
22, 486, 6, 6, 1
23, 486, 6, 7, 1
24, 486, 6, 8, 1
25, 486, 6, 9, 1
26, 486, 6, 10, 1
27, 486, 6, 11, 1
28, 486, 6, 12, 1
29, 486, 6, 13, 1
30, 486, 6, 14, 1
31, 486, 6, 15, 1
32, 486, 6, 16, 1
33, 486, 6, 17, 1
34, 486, 6, 18, 1
35, 486, 6, 19, 1
36, 486, 6, 20, 1
37, 486, 6, 21, 1
38, 486, 6, 22, 1
39, 486, 6, 23, 1
40, 486, 6, 24, 1
41, 486, 6, 25, 1
42, 486, 6, 26, 1
43, 486, 6, 27, 1
44, 486, 6, 28, 1
45, 486, 6, 29, 1
46, 486, 6, 30, 1
47, 486, 6, 31, 1
48, 486, 6, 32, 1
49, 486, 6, 33, 1
50, 486, 6, 34, 1
51, 486, 6, 35, 1
52, 486, 6, 36, 1
53, 486, 6, 37, 1
54, 486, 6, 38, 1
55, 486, 6, 39, 1
56, 486, 6, 40, 1
57, 486, 6, 41, 1
58, 486, 6, 42, 1
59, 486, 6, 43, 1
60, 486, 6, 44, 1
61, 486, 6, 45, 1
62, 486, 6, 46, 1
63, 486, 6, 47, 1
64, 486, 6, 48, 1
65, 486, 6, 49, 1
66, 486, 6, 50, 1
67, 486, 6, 51, 1
68, 486, 6, 52, 1
69, 486, 6, 53, 1
70, 486, 6, 54, 1
71, 486, 6, 55, 1
72, 486, 6, 56, 1
73, 486, 6, 57, 1
74, 486, 6, 58, 1
75, 486, 6, 59, 1
76, 486, 6, 60, 1
77, 486, 6, 61, 1
78, 486, 6, 62, 1
79, 486, 6, 63, 1
80, 486, 6, 64, 1
81, 486, 6, 65, 1
82, 486, 6, 66, 1
83, 486, 6, 67, 1
84, 486, 6, 68, 1
85, 486, 6, 69, 1
86, 486, 6, 70, 1
87, 486, 6, 71, 1
88, 486, 6, 72, 1
89, 486, 6, 73, 1
90, 486, 6, 74, 1
91, 486, 6, 75, 1
92, 486, 6, 76, 1
93, 486, 6, 77, 1
94, 486, 6, 78, 1
95, 486, 6, 79, 1
96, 486, 6, 80, 1
97, 486, 6, 81, 1
98, 486, 6, 82, 1
99, 486, 6, 83, 1
100, 486, 6, 84, 1
101, 486, 6, 85, 1
102, 486, 6, 86, 1
103, 486, 6, 87, 1
104, 486, 6, 88, 1
105, 486, 6, 89, 1
106, 486, 6, 90, 1
107, 486, 6, 91, 1
108, 486, 6, 92, 1
109, 486, 6, 93, 1
110, 486, 6, 94, 1
111, 486, 6, 95, 1
112, 486, 6, 96, 1
113, 486, 6, 97, 1
114, 486, 6, 98, 1
115, 486, 6, 99, 1
116, 486, 6, 100, 1
117, 486, 7, 1, 1
118, 486, 7, 2, 1
119, 486, 7, 3, 1
120, 486, 7, 4, 1
121, 486, 7, 5, 1
122, 486, 7, 6, 1
123, 486, 7, 7, 1
124, 486, 7, 8, 1
125, 486, 7, 9, 1
126, 486, 7, 10, 1
127, 486, 7, 11, 1
128, 486, 7, 12, 1
129, 486, 7, 13, 1
130, 486, 7, 14, 1
131, 486, 7, 15, 1
132, 486, 7, 16, 1
133, 486, 7, 17, 1
134, 486, 7, 18, 1
135, 486, 7, 19, 1
136, 486, 7, 20, 1
137, 486, 7, 21, 1
138, 486, 7, 22, 1
139, 486, 7, 23, 1
140, 486, 7, 24, 1
141, 486, 7, 25, 1
142, 486, 7, 26, 1
143, 486, 7, 27, 1
144, 486, 7, 28, 1
145, 486, 7, 29, 1
146, 486, 7, 30, 1
147, 486, 7, 31, 1
148, 486, 7, 32, 1
149, 486, 7, 33, 1
150, 486, 7, 34, 1
151, 486, 7, 35, 1
152, 486, 7, 36, 1
153, 486, 7, 37, 1
154, 486, 7, 38, 1
155, 486, 7, 39, 1
156, 486, 7, 40, 1
157, 486, 7, 41, 1
158, 486, 7, 42, 1
159, 486, 7, 43, 1
160, 486, 7, 44, 1
161, 486, 7, 45, 1
162, 486, 7, 46, 1
163, 486, 7, 47, 1
164, 486, 7, 48, 1
165, 486, 7, 49, 1
166, 486, 7, 50, 1
167, 486, 7, 51, 1
168, 486, 7, 52, 1
169, 486, 7, 53, 1
170, 486, 7, 54, 1
171, 486, 7, 55, 1
172, 486, 7, 56, 1
173, 486, 7, 57, 1
174, 486, 7, 58, 1
175, 486, 7, 59, 1
176, 486, 7, 60, 1
177, 486, 7, 61, 1
178, 486, 7, 62, 1
179, 486, 7, 63, 1
180, 486, 7, 64, 1
181, 486, 7, 65, 1
182, 486, 7, 66, 1
183, 486, 7, 67, 1
184, 486, 7, 68, 1
185, 486, 7, 69, 1
186, 486, 7, 70, 1
187, 486, 7, 71, 1
188, 486, 7, 72, 1
189, 486, 7, 73, 1
190, 486, 7, 74, 1
191, 486, 7, 75, 1
192, 486, 7, 76, 1
193, 486, 7, 77, 1
194, 486, 7, 78, 1
195, 486, 7, 79, 1
196, 486, 7, 80, 1
197, 486, 7, 81, 1
198, 486, 7, 82, 1
199, 486, 7, 83, 1
200, 486, 7, 84, 1
201, 486, 7, 85, 1
202, 486, 7, 86, 1
203, 486, 7, 87, 1
204, 486, 7, 88, 1
205, 486, 7, 89, 1
206, 486, 7, 90, 1
207, 486, 7, 91, 1
208, 486, 7, 92, 1
209, 486, 7, 93, 1
210, 486, 7, 94, 1
211, 486, 7, 95, 1
212, 486, 7, 96, 1
213, 486, 7, 97, 1
214, 486, 7, 98, 1
215, 486, 7, 99, 1
216, 486, 7, 100, 1
217, 486, 8, 1, 1
218, 486, 8, 2, 1
219, 486, 8, 3, 1
220, 486, 8, 4, 1
221, 486, 8, 5, 1
222, 486, 8, 6, 1
223, 486, 8, 7, 1
224, 486, 8, 8, 1
225, 486, 8, 9, 1
226, 486, 8, 10, 1
227, 486, 8, 11, 1
228, 486, 8, 12, 1
229, 486, 8, 13, 1
230, 486, 8, 14, 1
231, 486, 8, 15, 1
232, 486, 8, 16, 1
233, 486, 8, 17, 1
234, 486, 8, 18, 1
235, 486, 8, 19, 1
236, 486, 8, 20, 1
237, 486, 8, 21, 1
238, 486, 8, 22, 1
239, 486, 8, 23, 1
240, 486, 8, 24, 1
241, 486, 8, 25, 1
242, 486, 8, 26, 1
243, 486, 8, 27, 1
244, 486, 8, 28, 1
245, 486, 8, 29, 1
246, 486, 8, 30, 1
247, 486, 8, 31, 1
248, 486, 8, 32, 1
249, 486, 8, 33, 1
250, 486, 8, 34, 1
251, 486, 8, 35, 1
252, 486, 8, 36, 1
253, 486, 8, 37, 1
254, 486, 8, 38, 1
255, 486, 8, 39, 1
256, 486, 8, 40, 1
257, 486, 8, 41, 1
258, 486, 8, 42, 1
259, 486, 8, 43, 1
260, 486, 8, 44, 1
261, 486, 8, 45, 1
262, 486, 8, 46, 1
263, 486, 8, 47, 1
264, 486, 8, 48, 1
265, 486, 8, 49, 1
266, 486, 8, 50, 1
267, 486, 8, 51, 1
268, 486, 8, 52, 1
269, 486, 8, 53, 1
270, 486, 8, 54, 1
271, 486, 8, 55, 1
272, 486, 8, 56, 1
273, 486, 8, 57, 1
274, 486, 8, 58, 1
275, 486, 8, 59, 1
276, 486, 8, 60, 1
277, 486, 8, 61, 1
278, 486, 8, 62, 1
279, 486, 8, 63, 1
280, 486, 8, 64, 1
281, 486, 8, 65, 1
282, 486, 8, 66, 1
283, 486, 8, 67, 1
284, 486, 8, 68, 1
285, 486, 8, 69, 1
286, 486, 8, 70, 1
287, 486, 8, 71, 1
288, 486, 8, 72, 1
289, 486, 8, 73, 1
290, 486, 8, 74, 1
291, 486, 8, 75, 1
292, 486, 8, 76, 1
293, 486, 8, 77, 1
294, 486, 8, 78, 1
295, 486, 8, 79, 1
296, 486, 8, 80, 1
297, 486, 8, 81, 1
298, 486, 8, 82, 1
299, 486, 8, 83, 1
300, 486, 8, 84, 1
301, 486, 8, 85, 1
302, 486, 8, 86, 1
303, 486, 8, 87, 1
304, 486, 8, 88, 1
305, 486, 8, 89, 1
306, 486, 8, 90, 1
307, 486, 8, 91, 1
308, 486, 8, 92, 1
309, 486, 8, 93, 1
310, 486, 8, 94, 1
311, 486, 8, 95, 1
312, 486, 8, 96, 1
313, 486, 8, 97, 1
314, 486, 8, 98, 1
315, 486, 8, 99, 1
316, 486, 8, 100, 1
317, 486, 9, 1, 1
318, 486, 9, 2, 1
319, 486, 9, 3, 1
320, 486, 9, 4, 1
321, 486, 9, 5, 1
322, 486, 9, 6, 1
323, 486, 9, 7, 1
324, 486, 9, 8, 1
325, 486, 9, 9, 1
326, 486, 9, 10, 1
327, 486, 9, 11, 1
328, 486, 9, 12, 1
329, 486, 9, 13, 1
330, 486, 9, 14, 1
331, 486, 9, 15, 1
332, 486, 9, 16, 1
333, 486, 9, 17, 1
334, 486, 9, 18, 1
335, 486, 9, 19, 1
336, 486, 9, 20, 1
337, 486, 9, 21, 1
338, 486, 9, 22, 1
339, 486, 9, 23, 1
340, 486, 9, 24, 1
341, 486, 9, 25, 1
342, 486, 9, 26, 1
343, 486, 9, 27, 1
344, 486, 9, 28, 1
345, 486, 9, 29, 1
346, 486, 9, 30, 1
347, 486, 9, 31, 1
348, 486, 9, 32, 1
349, 486, 9, 33, 1
350, 486, 9, 34, 1
351, 486, 9, 35, 1
352, 486, 9, 36, 1
353, 486, 9, 37, 1
354, 486, 9, 38, 1
355, 486, 9, 39, 1
356, 486, 9, 40, 1
357, 486, 9, 41, 1
358, 486, 9, 42, 1
359, 486, 9, 43, 1
360, 486, 9, 44, 1
361, 486, 9, 45, 1
362, 486, 9, 46, 1
363, 486, 9, 47, 1
364, 486, 9, 48, 1
365, 486, 9, 49, 1
366, 486, 9, 50, 1
367, 486, 9, 51, 1
368, 486, 9, 52, 1
369, 486, 9, 53, 1
370, 486, 9, 54, 1
371, 486, 9, 55, 1
372, 486, 9, 56, 1
373, 486, 9, 57, 1
374, 486, 9, 58, 1
375, 486, 9, 59, 1
376, 486, 9, 60, 1
377, 486, 9, 61, 1
378, 486, 9, 62, 1
379, 486, 9, 63, 1
380, 486, 9, 64, 1
381, 486, 9, 65, 1
382, 486, 9, 66, 1
383, 486, 9, 67, 1
384, 486, 9, 68, 1
385, 486, 9, 69, 1
386, 486, 9, 70, 1
387, 486, 9, 71, 1
388, 486, 9, 72, 1
389, 486, 9, 73, 1
390, 486, 9, 74, 1
391, 486, 9, 75, 1
392, 486, 9, 76, 1
393, 486, 9, 77, 1
394, 486, 9, 78, 1
395, 486, 9, 79, 1
396, 486, 9, 80, 1
397, 486, 9, 81, 1
398, 486, 9, 82, 1
399, 486, 9, 83, 1
400, 486, 9, 84, 1
401, 486, 9, 85, 1
402, 486, 9, 86, 1
403, 486, 9, 87, 1
404, 486, 9, 88, 1
405, 486, 9, 89, 1
406, 486, 9, 90, 1
407, 486, 9, 91, 1
408, 486, 9, 92, 1
409, 486, 9, 93, 1
410, 486, 9, 94, 1
411, 486, 9, 95, 1
412, 486, 9, 96, 1
413, 486, 9, 97, 1
414, 486, 9, 98, 1
415, 486, 9, 99, 1
416, 486, 9, 100, 1
417, 486, 10, 1, 1
418, 486, 10, 2, 1
419, 486, 10, 3, 1
420, 486, 10, 4, 1
421, 486, 10, 5, 1
422, 486, 10, 6, 1
423, 486, 10, 7, 1
424, 486, 10, 8, 1
425, 486, 10, 9, 1
426, 486, 10, 10, 1
427, 486, 10, 11, 1
428, 486, 10, 12, 1
429, 486, 10, 13, 1
430, 486, 10, 14, 1
431, 486, 10, 15, 1
432, 486, 10, 16, 1
433, 486, 10, 17, 1
434, 486, 10, 18, 1
435, 486, 10, 19, 1
436, 486, 10, 20, 1
437, 486, 10, 21, 1
438, 486, 10, 22, 1
439, 486, 10, 23, 1
440, 486, 10, 24, 1
441, 486, 10, 25, 1
442, 486, 10, 26, 1
443, 486, 10, 27, 1
444, 486, 10, 28, 1
445, 486, 10, 29, 1
446, 486, 10, 30, 1
447, 486, 10, 31, 1
448, 486, 10, 32, 1
449, 486, 10, 33, 1
450, 486, 10, 34, 1
451, 486, 10, 35, 1
452, 486, 10, 36, 1
453, 486, 10, 37, 1
454, 486, 10, 38, 1
455, 486, 10, 39, 1
456, 486, 10, 40, 1
457, 486, 10, 41, 1
458, 486, 10, 42, 1
459, 486, 10, 43, 1
460, 486, 10, 44, 1
461, 486, 10, 45, 1
462, 486, 10, 46, 1
463, 486, 10, 47, 1
464, 486, 10, 48, 1
465, 486, 10, 49, 1
466, 486, 10, 50, 1
467, 486, 10, 51, 1
468, 486, 10, 52, 1
469, 486, 10, 53, 1
470, 486, 10, 54, 1
471, 486, 10, 55, 1
472, 486, 10, 56, 1
473, 486, 10, 57, 1
474, 486, 10, 58, 1
475, 486, 10, 59, 1
476, 486, 10, 60, 1
477, 486, 10, 61, 1
478, 486, 10, 62, 1
479, 486, 10, 63, 1
480, 486, 10, 64, 1
481, 486, 10, 65, 1
482, 486, 10, 66, 1
483, 486, 10, 67, 1
484, 486, 10, 68, 1
1, 487, 10, 69, 1
2, 487, 10, 70, 1
3, 487, 10, 71, 1
4, 487, 10, 72, 1
5, 487, 10, 73, 1
6, 487, 10, 74, 1
7, 487, 10, 75, 1
8, 487, 10, 76, 1
9, 487, 10, 77, 1
10, 487, 10, 78, 1
11, 487, 10, 79, 1
12, 487, 10, 80, 1
13, 487, 10, 81, 1
14, 487, 10, 82, 1
15, 487, 10, 83, 1
16, 487, 10, 84, 1
17, 487, 10, 85, 1
18, 487, 10, 86, 1
19, 487, 10, 87, 1
20, 487, 10, 88, 1
21, 487, 10, 89, 1
22, 487, 10, 90, 1
23, 487, 10, 91, 1
24, 487, 10, 92, 1
25, 487, 10, 93, 1
26, 487, 10, 94, 1
27, 487, 10, 95, 1
28, 487, 10, 96, 1
29, 487, 10, 97, 1
30, 487, 10, 98, 1
31, 487, 10, 99, 1
32, 487, 10, 100, 1
33, 487, 11, 1, 1
34, 487, 11, 2, 1
35, 487, 11, 3, 1
36, 487, 11, 4, 1
37, 487, 11, 5, 1
38, 487, 11, 6, 1
39, 487, 11, 7, 1
40, 487, 11, 8, 1
41, 487, 11, 9, 1
42, 487, 11, 10, 1
43, 487, 11, 11, 1
44, 487, 11, 12, 1
45, 487, 11, 13, 1
46, 487, 11, 14, 1
47, 487, 11, 15, 1
48, 487, 11, 16, 1
49, 487, 11, 17, 1
50, 487, 11, 18, 1
51, 487, 11, 19, 1
52, 487, 11, 20, 1
53, 487, 11, 21, 1
54, 487, 11, 22, 1
55, 487, 11, 23, 1
56, 487, 11, 24, 1
57, 487, 11, 25, 1
58, 487, 11, 26, 1
59, 487, 11, 27, 1
60, 487, 11, 28, 1
61, 487, 11, 29, 1
62, 487, 11, 30, 1
63, 487, 11, 31, 1
64, 487, 11, 32, 1
65, 487, 11, 33, 1
66, 487, 11, 34, 1
67, 487, 11, 35, 1
68, 487, 11, 36, 1
69, 487, 11, 37, 1
70, 487, 11, 38, 1
71, 487, 11, 39, 1
72, 487, 11, 40, 1
73, 487, 11, 41, 1
74, 487, 11, 42, 1
75, 487, 11, 43, 1
76, 487, 11, 44, 1
77, 487, 11, 45, 1
78, 487, 11, 46, 1
79, 487, 11, 47, 1
80, 487, 11, 48, 1
81, 487, 11, 49, 1
82, 487, 11, 50, 1
83, 487, 11, 51, 1
84, 487, 11, 52, 1
85, 487, 11, 53, 1
86, 487, 11, 54, 1
87, 487, 11, 55, 1
88, 487, 11, 56, 1
89, 487, 11, 57, 1
90, 487, 11, 58, 1
91, 487, 11, 59, 1
92, 487, 11, 60, 1
93, 487, 11, 61, 1
94, 487, 11, 62, 1
95, 487, 11, 63, 1
96, 487, 11, 64, 1
97, 487, 11, 65, 1
98, 487, 11, 66, 1
99, 487, 11, 67, 1
100, 487, 11, 68, 1
101, 487, 11, 69, 1
102, 487, 11, 70, 1
103, 487, 11, 71, 1
104, 487, 11, 72, 1
105, 487, 11, 73, 1
106, 487, 11, 74, 1
107, 487, 11, 75, 1
108, 487, 11, 76, 1
109, 487, 11, 77, 1
110, 487, 11, 78, 1
111, 487, 11, 79, 1
112, 487, 11, 80, 1
113, 487, 11, 81, 1
114, 487, 11, 82, 1
115, 487, 11, 83, 1
116, 487, 11, 84, 1
117, 487, 11, 85, 1
118, 487, 11, 86, 1
119, 487, 11, 87, 1
120, 487, 11, 88, 1
121, 487, 11, 89, 1
122, 487, 11, 90, 1
123, 487, 11, 91, 1
124, 487, 11, 92, 1
125, 487, 11, 93, 1
126, 487, 11, 94, 1
127, 487, 11, 95, 1
128, 487, 11, 96, 1
129, 487, 11, 97, 1
130, 487, 11, 98, 1
131, 487, 11, 99, 1
132, 487, 11, 100, 1
133, 487, 12, 1, 1
134, 487, 12, 2, 1
135, 487, 12, 3, 1
136, 487, 12, 4, 1
137, 487, 12, 5, 1
138, 487, 12, 6, 1
139, 487, 12, 7, 1
140, 487, 12, 8, 1
141, 487, 12, 9, 1
142, 487, 12, 10, 1
143, 487, 12, 11, 1
144, 487, 12, 12, 1
145, 487, 12, 13, 1
146, 487, 12, 14, 1
147, 487, 12, 15, 1
148, 487, 12, 16, 1
149, 487, 12, 17, 1
150, 487, 12, 18, 1
151, 487, 12, 19, 1
152, 487, 12, 20, 1
153, 487, 12, 21, 1
154, 487, 12, 22, 1
155, 487, 12, 23, 1
156, 487, 12, 24, 1
157, 487, 12, 25, 1
158, 487, 12, 26, 1
159, 487, 12, 27, 1
160, 487, 12, 28, 1
161, 487, 12, 29, 1
162, 487, 12, 30, 1
163, 487, 12, 31, 1
164, 487, 12, 32, 1
165, 487, 12, 33, 1
166, 487, 12, 34, 1
167, 487, 12, 35, 1
168, 487, 12, 36, 1
169, 487, 12, 37, 1
170, 487, 12, 38, 1
171, 487, 12, 39, 1
172, 487, 12, 40, 1
173, 487, 12, 41, 1
174, 487, 12, 42, 1
175, 487, 12, 43, 1
176, 487, 12, 44, 1
177, 487, 12, 45, 1
178, 487, 12, 46, 1
179, 487, 12, 47, 1
180, 487, 12, 48, 1
181, 487, 12, 49, 1
182, 487, 12, 50, 1
183, 487, 12, 51, 1
184, 487, 12, 52, 1
185, 487, 12, 53, 1
186, 487, 12, 54, 1
187, 487, 12, 55, 1
188, 487, 12, 56, 1
189, 487, 12, 57, 1
190, 487, 12, 58, 1
191, 487, 12, 59, 1
192, 487, 12, 60, 1
193, 487, 12, 61, 1
194, 487, 12, 62, 1
195, 487, 12, 63, 1
196, 487, 12, 64, 1
197, 487, 12, 65, 1
198, 487, 12, 66, 1
199, 487, 12, 67, 1
200, 487, 12, 68, 1
201, 487, 12, 69, 1
202, 487, 12, 70, 1
203, 487, 12, 71, 1
204, 487, 12, 72, 1
205, 487, 12, 73, 1
206, 487, 12, 74, 1
207, 487, 12, 75, 1
208, 487, 12, 76, 1
209, 487, 12, 77, 1
210, 487, 12, 78, 1
211, 487, 12, 79, 1
212, 487, 12, 80, 1
213, 487, 12, 81, 1
214, 487, 12, 82, 1
215, 487, 12, 83, 1
216, 487, 12, 84, 1
217, 487, 12, 85, 1
218, 487, 12, 86, 1
219, 487, 12, 87, 1
220, 487, 12, 88, 1
221, 487, 12, 89, 1
222, 487, 12, 90, 1
223, 487, 12, 91, 1
224, 487, 12, 92, 1
225, 487, 12, 93, 1
226, 487, 12, 94, 1
227, 487, 12, 95, 1
228, 487, 12, 96, 1
229, 487, 12, 97, 1
230, 487, 12, 98, 1
231, 487, 12, 99, 1
232, 487, 12, 100, 1
233, 487, 13, 1, 1
234, 487, 13, 2, 1
235, 487, 13, 3, 1
236, 487, 13, 4, 1
237, 487, 13, 5, 1
238, 487, 13, 6, 1
239, 487, 13, 7, 1
240, 487, 13, 8, 1
241, 487, 13, 9, 1
242, 487, 13, 10, 1
243, 487, 13, 11, 1
244, 487, 13, 12, 1
245, 487, 13, 13, 1
246, 487, 13, 14, 1
247, 487, 13, 15, 1
248, 487, 13, 16, 1
249, 487, 13, 17, 1
250, 487, 13, 18, 1
251, 487, 13, 19, 1
252, 487, 13, 20, 1
253, 487, 13, 21, 1
254, 487, 13, 22, 1
255, 487, 13, 23, 1
256, 487, 13, 24, 1
257, 487, 13, 25, 1
258, 487, 13, 26, 1
259, 487, 13, 27, 1
260, 487, 13, 28, 1
261, 487, 13, 29, 1
262, 487, 13, 30, 1
263, 487, 13, 31, 1
264, 487, 13, 32, 1
265, 487, 13, 33, 1
266, 487, 13, 34, 1
267, 487, 13, 35, 1
268, 487, 13, 36, 1
269, 487, 13, 37, 1
270, 487, 13, 38, 1
271, 487, 13, 39, 1
272, 487, 13, 40, 1
273, 487, 13, 41, 1
274, 487, 13, 42, 1
275, 487, 13, 43, 1
276, 487, 13, 44, 1
277, 487, 13, 45, 1
278, 487, 13, 46, 1
279, 487, 13, 47, 1
280, 487, 13, 48, 1
281, 487, 13, 49, 1
282, 487, 13, 50, 1
283, 487, 13, 51, 1
284, 487, 13, 52, 1
285, 487, 13, 53, 1
286, 487, 13, 54, 1
287, 487, 13, 55, 1
288, 487, 13, 56, 1
289, 487, 13, 57, 1
290, 487, 13, 58, 1
291, 487, 13, 59, 1
292, 487, 13, 60, 1
293, 487, 13, 61, 1
294, 487, 13, 62, 1
295, 487, 13, 63, 1
296, 487, 13, 64, 1
297, 487, 13, 65, 1
298, 487, 13, 66, 1
299, 487, 13, 67, 1
300, 487, 13, 68, 1
301, 487, 13, 69, 1
302, 487, 13, 70, 1
303, 487, 13, 71, 1
304, 487, 13, 72, 1
305, 487, 13, 73, 1
306, 487, 13, 74, 1
307, 487, 13, 75, 1
308, 487, 13, 76, 1
309, 487, 13, 77, 1
310, 487, 13, 78, 1
311, 487, 13, 79, 1
312, 487, 13, 80, 1
313, 487, 13, 81, 1
314, 487, 13, 82, 1
315, 487, 13, 83, 1
316, 487, 13, 84, 1
317, 487, 13, 85, 1
318, 487, 13, 86, 1
319, 487, 13, 87, 1
320, 487, 13, 88, 1
321, 487, 13, 89, 1
322, 487, 13, 90, 1
323, 487, 13, 91, 1
324, 487, 13, 92, 1
325, 487, 13, 93, 1
326, 487, 13, 94, 1
327, 487, 13, 95, 1
328, 487, 13, 96, 1
329, 487, 13, 97, 1
330, 487, 13, 98, 1
331, 487, 13, 99, 1
332, 487, 13, 100, 1
333, 487, 14, 1, 1
334, 487, 14, 2, 1
335, 487, 14, 3, 1
336, 487, 14, 4, 1
337, 487, 14, 5, 1
338, 487, 14, 6, 1
339, 487, 14, 7, 1
340, 487, 14, 8, 1
341, 487, 14, 9, 1
342, 487, 14, 10, 1
343, 487, 14, 11, 1
344, 487, 14, 12, 1
345, 487, 14, 13, 1
346, 487, 14, 14, 1
347, 487, 14, 15, 1
348, 487, 14, 16, 1
349, 487, 14, 17, 1
350, 487, 14, 18, 1
351, 487, 14, 19, 1
352, 487, 14, 20, 1
353, 487, 14, 21, 1
354, 487, 14, 22, 1
355, 487, 14, 23, 1
356, 487, 14, 24, 1
357, 487, 14, 25, 1
358, 487, 14, 26, 1
359, 487, 14, 27, 1
360, 487, 14, 28, 1
361, 487, 14, 29, 1
362, 487, 14, 30, 1
363, 487, 14, 31, 1
364, 487, 14, 32, 1
365, 487, 14, 33, 1
366, 487, 14, 34, 1
367, 487, 14, 35, 1
368, 487, 14, 36, 1
369, 487, 14, 37, 1
370, 487, 14, 38, 1
371, 487, 14, 39, 1
372, 487, 14, 40, 1
373, 487, 14, 41, 1
374, 487, 14, 42, 1
375, 487, 14, 43, 1
376, 487, 14, 44, 1
377, 487, 14, 45, 1
378, 487, 14, 46, 1
379, 487, 14, 47, 1
380, 487, 14, 48, 1
381, 487, 14, 49, 1
382, 487, 14, 50, 1
383, 487, 14, 51, 1
384, 487, 14, 52, 1
385, 487, 14, 53, 1
386, 487, 14, 54, 1
387, 487, 14, 55, 1
388, 487, 14, 56, 1
389, 487, 14, 57, 1
390, 487, 14, 58, 1
391, 487, 14, 59, 1
392, 487, 14, 60, 1
393, 487, 14, 61, 1
394, 487, 14, 62, 1
395, 487, 14, 63, 1
396, 487, 14, 64, 1
397, 487, 14, 65, 1
398, 487, 14, 66, 1
399, 487, 14, 67, 1
400, 487, 14, 68, 1
401, 487, 14, 69, 1
402, 487, 14, 70, 1
403, 487, 14, 71, 1
404, 487, 14, 72, 1
405, 487, 14, 73, 1
406, 487, 14, 74, 1
407, 487, 14, 75, 1
408, 487, 14, 76, 1
409, 487, 14, 77, 1
410, 487, 14, 78, 1
411, 487, 14, 79, 1
412, 487, 14, 80, 1
413, 487, 14, 81, 1
414, 487, 14, 82, 1
415, 487, 14, 83, 1
416, 487, 14, 84, 1
417, 487, 14, 85, 1
418, 487, 14, 86, 1
419, 487, 14, 87, 1
420, 487, 14, 88, 1
421, 487, 14, 89, 1
422, 487, 14, 90, 1
423, 487, 14, 91, 1
424, 487, 14, 92, 1
425, 487, 14, 93, 1
426, 487, 14, 94, 1
427, 487, 14, 95, 1
428, 487, 14, 96, 1
429, 487, 14, 97, 1
430, 487, 14, 98, 1
431, 487, 14, 99, 1
432, 487, 14, 100, 1
433, 487, 15, 1, 1
434, 487, 15, 2, 1
435, 487, 15, 3, 1
436, 487, 15, 4, 1
437, 487, 15, 5, 1
438, 487, 15, 6, 1
439, 487, 15, 7, 1
440, 487, 15, 8, 1
441, 487, 15, 9, 1
442, 487, 15, 10, 1
443, 487, 15, 11, 1
444, 487, 15, 12, 1
445, 487, 15, 13, 1
446, 487, 15, 14, 1
447, 487, 15, 15, 1
448, 487, 15, 16, 1
449, 487, 15, 17, 1
450, 487, 15, 18, 1
451, 487, 15, 19, 1
452, 487, 15, 20, 1
453, 487, 15, 21, 1
454, 487, 15, 22, 1
455, 487, 15, 23, 1
456, 487, 15, 24, 1
457, 487, 15, 25, 1
458, 487, 15, 26, 1
459, 487, 15, 27, 1
460, 487, 15, 28, 1
461, 487, 15, 29, 1
462, 487, 15, 30, 1
463, 487, 15, 31, 1
464, 487, 15, 32, 1
465, 487, 15, 33, 1
466, 487, 15, 34, 1
467, 487, 15, 35, 1
468, 487, 15, 36, 1
469, 487, 15, 37, 1
470, 487, 15, 38, 1
471, 487, 15, 39, 1
472, 487, 15, 40, 1
473, 487, 15, 41, 1
474, 487, 15, 42, 1
475, 487, 15, 43, 1
476, 487, 15, 44, 1
477, 487, 15, 45, 1
478, 487, 15, 46, 1
479, 487, 15, 47, 1
480, 487, 15, 48, 1
481, 487, 15, 49, 1
482, 487, 15, 50, 1
483, 487, 15, 51, 1
484, 487, 15, 52, 1
1, 488, 15, 53, 1
2, 488, 15, 54, 1
3, 488, 15, 55, 1
4, 488, 15, 56, 1
5, 488, 15, 57, 1
6, 488, 15, 58, 1
7, 488, 15, 59, 1
8, 488, 15, 60, 1
9, 488, 15, 61, 1
10, 488, 15, 62, 1
11, 488, 15, 63, 1
12, 488, 15, 64, 1
13, 488, 15, 65, 1
14, 488, 15, 66, 1
15, 488, 15, 67, 1
16, 488, 15, 68, 1
17, 488, 15, 69, 1
18, 488, 15, 70, 1
19, 488, 15, 71, 1
20, 488, 15, 72, 1
21, 488, 15, 73, 1
22, 488, 15, 74, 1
23, 488, 15, 75, 1
24, 488, 15, 76, 1
25, 488, 15, 77, 1
26, 488, 15, 78, 1
27, 488, 15, 79, 1
28, 488, 15, 80, 1
29, 488, 15, 81, 1
30, 488, 15, 82, 1
31, 488, 15, 83, 1
32, 488, 15, 84, 1
33, 488, 15, 85, 1
34, 488, 15, 86, 1
35, 488, 15, 87, 1
36, 488, 15, 88, 1
37, 488, 15, 89, 1
38, 488, 15, 90, 1
39, 488, 15, 91, 1
40, 488, 15, 92, 1
41, 488, 15, 93, 1
42, 488, 15, 94, 1
43, 488, 15, 95, 1
44, 488, 15, 96, 1
45, 488, 15, 97, 1
46, 488, 15, 98, 1
47, 488, 15, 99, 1
48, 488, 15, 100, 1
49, 488, 16, 1, 1
50, 488, 16, 2, 1
51, 488, 16, 3, 1
52, 488, 16, 4, 1
53, 488, 16, 5, 1
54, 488, 16, 6, 1
55, 488, 16, 7, 1
56, 488, 16, 8, 1
57, 488, 16, 9, 1
58, 488, 16, 10, 1
59, 488, 16, 11, 1
60, 488, 16, 12, 1
61, 488, 16, 13, 1
62, 488, 16, 14, 1
63, 488, 16, 15, 1
64, 488, 16, 16, 1
65, 488, 16, 17, 1
66, 488, 16, 18, 1
67, 488, 16, 19, 1
68, 488, 16, 20, 1
69, 488, 16, 21, 1
70, 488, 16, 22, 1
71, 488, 16, 23, 1
72, 488, 16, 24, 1
73, 488, 16, 25, 1
74, 488, 16, 26, 1
75, 488, 16, 27, 1
76, 488, 16, 28, 1
77, 488, 16, 29, 1
78, 488, 16, 30, 1
79, 488, 16, 31, 1
80, 488, 16, 32, 1
81, 488, 16, 33, 1
82, 488, 16, 34, 1
83, 488, 16, 35, 1
84, 488, 16, 36, 1
85, 488, 16, 37, 1
86, 488, 16, 38, 1
87, 488, 16, 39, 1
88, 488, 16, 40, 1
89, 488, 16, 41, 1
90, 488, 16, 42, 1
91, 488, 16, 43, 1
92, 488, 16, 44, 1
93, 488, 16, 45, 1
94, 488, 16, 46, 1
95, 488, 16, 47, 1
96, 488, 16, 48, 1
97, 488, 16, 49, 1
98, 488, 16, 50, 1
99, 488, 16, 51, 1
100, 488, 16, 52, 1
101, 488, 16, 53, 1
102, 488, 16, 54, 1
103, 488, 16, 55, 1
104, 488, 16, 56, 1
105, 488, 16, 57, 1
106, 488, 16, 58, 1
107, 488, 16, 59, 1
108, 488, 16, 60, 1
109, 488, 16, 61, 1
110, 488, 16, 62, 1
111, 488, 16, 63, 1
112, 488, 16, 64, 1
113, 488, 16, 65, 1
114, 488, 16, 66, 1
115, 488, 16, 67, 1
116, 488, 16, 68, 1
117, 488, 16, 69, 1
118, 488, 16, 70, 1
119, 488, 16, 71, 1
120, 488, 16, 72, 1
121, 488, 16, 73, 1
122, 488, 16, 74, 1
123, 488, 16, 75, 1
124, 488, 16, 76, 1
125, 488, 16, 77, 1
126, 488, 16, 78, 1
127, 488, 16, 79, 1
128, 488, 16, 80, 1
129, 488, 16, 81, 1
130, 488, 16, 82, 1
131, 488, 16, 83, 1
132, 488, 16, 84, 1
133, 488, 16, 85, 1
134, 488, 16, 86, 1
135, 488, 16, 87, 1
136, 488, 16, 88, 1
137, 488, 16, 89, 1
138, 488, 16, 90, 1
139, 488, 16, 91, 1
140, 488, 16, 92, 1
141, 488, 16, 93, 1
142, 488, 16, 94, 1
143, 488, 16, 95, 1
144, 488, 16, 96, 1
145, 488, 16, 97, 1
146, 488, 16, 98, 1
147, 488, 16, 99, 1
148, 488, 16, 100, 1
149, 488, 17, 1, 1
150, 488, 17, 2, 1
151, 488, 17, 3, 1
152, 488, 17, 4, 1
153, 488, 17, 5, 1
154, 488, 17, 6, 1
155, 488, 17, 7, 1
156, 488, 17, 8, 1
157, 488, 17, 9, 1
158, 488, 17, 10, 1
159, 488, 17, 11, 1
160, 488, 17, 12, 1
161, 488, 17, 13, 1
162, 488, 17, 14, 1
163, 488, 17, 15, 1
164, 488, 17, 16, 1
165, 488, 17, 17, 1
166, 488, 17, 18, 1
167, 488, 17, 19, 1
168, 488, 17, 20, 1
169, 488, 17, 21, 1
170, 488, 17, 22, 1
171, 488, 17, 23, 1
172, 488, 17, 24, 1
173, 488, 17, 25, 1
174, 488, 17, 26, 1
175, 488, 17, 27, 1
176, 488, 17, 28, 1
177, 488, 17, 29, 1
178, 488, 17, 30, 1
179, 488, 17, 31, 1
180, 488, 17, 32, 1
181, 488, 17, 33, 1
182, 488, 17, 34, 1
183, 488, 17, 35, 1
184, 488, 17, 36, 1
185, 488, 17, 37, 1
186, 488, 17, 38, 1
187, 488, 17, 39, 1
188, 488, 17, 40, 1
189, 488, 17, 41, 1
190, 488, 17, 42, 1
191, 488, 17, 43, 1
192, 488, 17, 44, 1
193, 488, 17, 45, 1
194, 488, 17, 46, 1
195, 488, 17, 47, 1
196, 488, 17, 48, 1
197, 488, 17, 49, 1
198, 488, 17, 50, 1
199, 488, 17, 51, 1
200, 488, 17, 52, 1
201, 488, 17, 53, 1
202, 488, 17, 54, 1
203, 488, 17, 55, 1
204, 488, 17, 56, 1
205, 488, 17, 57, 1
206, 488, 17, 58, 1
207, 488, 17, 59, 1
208, 488, 17, 60, 1
209, 488, 17, 61, 1
210, 488, 17, 62, 1
211, 488, 17, 63, 1
212, 488, 17, 64, 1
213, 488, 17, 65, 1
214, 488, 17, 66, 1
215, 488, 17, 67, 1
216, 488, 17, 68, 1
217, 488, 17, 69, 1
218, 488, 17, 70, 1
219, 488, 17, 71, 1
220, 488, 17, 72, 1
221, 488, 17, 73, 1
222, 488, 17, 74, 1
223, 488, 17, 75, 1
224, 488, 17, 76, 1
225, 488, 17, 77, 1
226, 488, 17, 78, 1
227, 488, 17, 79, 1
228, 488, 17, 80, 1
229, 488, 17, 81, 1
230, 488, 17, 82, 1
231, 488, 17, 83, 1
232, 488, 17, 84, 1
233, 488, 17, 85, 1
234, 488, 17, 86, 1
235, 488, 17, 87, 1
236, 488, 17, 88, 1
237, 488, 17, 89, 1
238, 488, 17, 90, 1
239, 488, 17, 91, 1
240, 488, 17, 92, 1
241, 488, 17, 93, 1
242, 488, 17, 94, 1
243, 488, 17, 95, 1
244, 488, 17, 96, 1
245, 488, 17, 97, 1
246, 488, 17, 98, 1
247, 488, 17, 99, 1
248, 488, 17, 100, 1
249, 488, 18, 1, 1
250, 488, 18, 2, 1
251, 488, 18, 3, 1
252, 488, 18, 4, 1
253, 488, 18, 5, 1
254, 488, 18, 6, 1
255, 488, 18, 7, 1
256, 488, 18, 8, 1
257, 488, 18, 9, 1
258, 488, 18, 10, 1
259, 488, 18, 11, 1
260, 488, 18, 12, 1
261, 488, 18, 13, 1
262, 488, 18, 14, 1
263, 488, 18, 15, 1
264, 488, 18, 16, 1
265, 488, 18, 17, 1
266, 488, 18, 18, 1
267, 488, 18, 19, 1
268, 488, 18, 20, 1
269, 488, 18, 21, 1
270, 488, 18, 22, 1
271, 488, 18, 23, 1
272, 488, 18, 24, 1
273, 488, 18, 25, 1
274, 488, 18, 26, 1
275, 488, 18, 27, 1
276, 488, 18, 28, 1
277, 488, 18, 29, 1
278, 488, 18, 30, 1
279, 488, 18, 31, 1
280, 488, 18, 32, 1
281, 488, 18, 33, 1
282, 488, 18, 34, 1
283, 488, 18, 35, 1
284, 488, 18, 36, 1
285, 488, 18, 37, 1
286, 488, 18, 38, 1
287, 488, 18, 39, 1
288, 488, 18, 40, 1
289, 488, 18, 41, 1
290, 488, 18, 42, 1
291, 488, 18, 43, 1
292, 488, 18, 44, 1
293, 488, 18, 45, 1
294, 488, 18, 46, 1
295, 488, 18, 47, 1
296, 488, 18, 48, 1
297, 488, 18, 49, 1
298, 488, 18, 50, 1
299, 488, 18, 51, 1
300, 488, 18, 52, 1
301, 488, 18, 53, 1
302, 488, 18, 54, 1
303, 488, 18, 55, 1
304, 488, 18, 56, 1
305, 488, 18, 57, 1
306, 488, 18, 58, 1
307, 488, 18, 59, 1
308, 488, 18, 60, 1
309, 488, 18, 61, 1
310, 488, 18, 62, 1
311, 488, 18, 63, 1
312, 488, 18, 64, 1
313, 488, 18, 65, 1
314, 488, 18, 66, 1
315, 488, 18, 67, 1
316, 488, 18, 68, 1
317, 488, 18, 69, 1
318, 488, 18, 70, 1
319, 488, 18, 71, 1
320, 488, 18, 72, 1
321, 488, 18, 73, 1
322, 488, 18, 74, 1
323, 488, 18, 75, 1
324, 488, 18, 76, 1
325, 488, 18, 77, 1
326, 488, 18, 78, 1
327, 488, 18, 79, 1
328, 488, 18, 80, 1
329, 488, 18, 81, 1
330, 488, 18, 82, 1
331, 488, 18, 83, 1
332, 488, 18, 84, 1
333, 488, 18, 85, 1
334, 488, 18, 86, 1
335, 488, 18, 87, 1
336, 488, 18, 88, 1
337, 488, 18, 89, 1
338, 488, 18, 90, 1
339, 488, 18, 91, 1
340, 488, 18, 92, 1
341, 488, 18, 93, 1
342, 488, 18, 94, 1
343, 488, 18, 95, 1
344, 488, 18, 96, 1
345, 488, 18, 97, 1
346, 488, 18, 98, 1
347, 488, 18, 99, 1
348, 488, 18, 100, 1
349, 488, 19, 1, 1
350, 488, 19, 2, 1
351, 488, 19, 3, 1
352, 488, 19, 4, 1
353, 488, 19, 5, 1
354, 488, 19, 6, 1
355, 488, 19, 7, 1
356, 488, 19, 8, 1
357, 488, 19, 9, 1
358, 488, 19, 10, 1
359, 488, 19, 11, 1
360, 488, 19, 12, 1
361, 488, 19, 13, 1
362, 488, 19, 14, 1
363, 488, 19, 15, 1
364, 488, 19, 16, 1
365, 488, 19, 17, 1
366, 488, 19, 18, 1
367, 488, 19, 19, 1
368, 488, 19, 20, 1
369, 488, 19, 21, 1
370, 488, 19, 22, 1
371, 488, 19, 23, 1
372, 488, 19, 24, 1
373, 488, 19, 25, 1
374, 488, 19, 26, 1
375, 488, 19, 27, 1
376, 488, 19, 28, 1
377, 488, 19, 29, 1
378, 488, 19, 30, 1
379, 488, 19, 31, 1
380, 488, 19, 32, 1
381, 488, 19, 33, 1
382, 488, 19, 34, 1
383, 488, 19, 35, 1
384, 488, 19, 36, 1
385, 488, 19, 37, 1
386, 488, 19, 38, 1
387, 488, 19, 39, 1
388, 488, 19, 40, 1
389, 488, 19, 41, 1
390, 488, 19, 42, 1
391, 488, 19, 43, 1
392, 488, 19, 44, 1
393, 488, 19, 45, 1
394, 488, 19, 46, 1
395, 488, 19, 47, 1
396, 488, 19, 48, 1
397, 488, 19, 49, 1
398, 488, 19, 50, 1
399, 488, 19, 51, 1
400, 488, 19, 52, 1
401, 488, 19, 53, 1
402, 488, 19, 54, 1
403, 488, 19, 55, 1
404, 488, 19, 56, 1
405, 488, 19, 57, 1
406, 488, 19, 58, 1
407, 488, 19, 59, 1
408, 488, 19, 60, 1
409, 488, 19, 61, 1
410, 488, 19, 62, 1
411, 488, 19, 63, 1
412, 488, 19, 64, 1
413, 488, 19, 65, 1
414, 488, 19, 66, 1
415, 488, 19, 67, 1
416, 488, 19, 68, 1
417, 488, 19, 69, 1
418, 488, 19, 70, 1
419, 488, 19, 71, 1
420, 488, 19, 72, 1
421, 488, 19, 73, 1
422, 488, 19, 74, 1
423, 488, 19, 75, 1
424, 488, 19, 76, 1
425, 488, 19, 77, 1
426, 488, 19, 78, 1
427, 488, 19, 79, 1
428, 488, 19, 80, 1
429, 488, 19, 81, 1
430, 488, 19, 82, 1
431, 488, 19, 83, 1
432, 488, 19, 84, 1
433, 488, 19, 85, 1
434, 488, 19, 86, 1
435, 488, 19, 87, 1
436, 488, 19, 88, 1
437, 488, 19, 89, 1
438, 488, 19, 90, 1
439, 488, 19, 91, 1
440, 488, 19, 92, 1
441, 488, 19, 93, 1
442, 488, 19, 94, 1
443, 488, 19, 95, 1
444, 488, 19, 96, 1
445, 488, 19, 97, 1
446, 488, 19, 98, 1
447, 488, 19, 99, 1
448, 488, 19, 100, 1
449, 488, 20, 1, 1
450, 488, 20, 2, 1
451, 488, 20, 3, 1
452, 488, 20, 4, 1
453, 488, 20, 5, 1
454, 488, 20, 6, 1
455, 488, 20, 7, 1
456, 488, 20, 8, 1
457, 488, 20, 9, 1
458, 488, 20, 10, 1
459, 488, 20, 11, 1
460, 488, 20, 12, 1
461, 488, 20, 13, 1
462, 488, 20, 14, 1
463, 488, 20, 15, 1
464, 488, 20, 16, 1
465, 488, 20, 17, 1
466, 488, 20, 18, 1
467, 488, 20, 19, 1
468, 488, 20, 20, 1
469, 488, 20, 21, 1
470, 488, 20, 22, 1
471, 488, 20, 23, 1
472, 488, 20, 24, 1
473, 488, 20, 25, 1
474, 488, 20, 26, 1
475, 488, 20, 27, 1
476, 488, 20, 28, 1
477, 488, 20, 29, 1
478, 488, 20, 30, 1
479, 488, 20, 31, 1
480, 488, 20, 32, 1
481, 488, 20, 33, 1
482, 488, 20, 34, 1
483, 488, 20, 35, 1
484, 488, 20, 36, 1
1, 489, 20, 37, 1
2, 489, 20, 38, 1
3, 489, 20, 39, 1
4, 489, 20, 40, 1
5, 489, 20, 41, 1
6, 489, 20, 42, 1
7, 489, 20, 43, 1
8, 489, 20, 44, 1
9, 489, 20, 45, 1
10, 489, 20, 46, 1
11, 489, 20, 47, 1
12, 489, 20, 48, 1
13, 489, 20, 49, 1
14, 489, 20, 50, 1
15, 489, 20, 51, 1
16, 489, 20, 52, 1
17, 489, 20, 53, 1
18, 489, 20, 54, 1
19, 489, 20, 55, 1
20, 489, 20, 56, 1
21, 489, 20, 57, 1
22, 489, 20, 58, 1
23, 489, 20, 59, 1
24, 489, 20, 60, 1
25, 489, 20, 61, 1
26, 489, 20, 62, 1
27, 489, 20, 63, 1
28, 489, 20, 64, 1
29, 489, 20, 65, 1
30, 489, 20, 66, 1
31, 489, 20, 67, 1
32, 489, 20, 68, 1
33, 489, 20, 69, 1
34, 489, 20, 70, 1
35, 489, 20, 71, 1
36, 489, 20, 72, 1
37, 489, 20, 73, 1
38, 489, 20, 74, 1
39, 489, 20, 75, 1
40, 489, 20, 76, 1
41, 489, 20, 77, 1
42, 489, 20, 78, 1
43, 489, 20, 79, 1
44, 489, 20, 80, 1
45, 489, 20, 81, 1
46, 489, 20, 82, 1
47, 489, 20, 83, 1
48, 489, 20, 84, 1
49, 489, 20, 85, 1
50, 489, 20, 86, 1
51, 489, 20, 87, 1
52, 489, 20, 88, 1
53, 489, 20, 89, 1
54, 489, 20, 90, 1
55, 489, 20, 91, 1
56, 489, 20, 92, 1
57, 489, 20, 93, 1
58, 489, 20, 94, 1
59, 489, 20, 95, 1
60, 489, 20, 96, 1
61, 489, 20, 97, 1
62, 489, 20, 98, 1
63, 489, 20, 99, 1
64, 489, 20, 100, 1
65, 489, 21, 1, 1
66, 489, 21, 2, 1
67, 489, 21, 3, 1
68, 489, 21, 4, 1
69, 489, 21, 5, 1
70, 489, 21, 6, 1
71, 489, 21, 7, 1
72, 489, 21, 8, 1
73, 489, 21, 9, 1
74, 489, 21, 10, 1
75, 489, 21, 11, 1
76, 489, 21, 12, 1
77, 489, 21, 13, 1
78, 489, 21, 14, 1
79, 489, 21, 15, 1
80, 489, 21, 16, 1
81, 489, 21, 17, 1
82, 489, 21, 18, 1
83, 489, 21, 19, 1
84, 489, 21, 20, 1
85, 489, 21, 21, 1
86, 489, 21, 22, 1
87, 489, 21, 23, 1
88, 489, 21, 24, 1
89, 489, 21, 25, 1
90, 489, 21, 26, 1
91, 489, 21, 27, 1
92, 489, 21, 28, 1
93, 489, 21, 29, 1
94, 489, 21, 30, 1
95, 489, 21, 31, 1
96, 489, 21, 32, 1
97, 489, 21, 33, 1
98, 489, 21, 34, 1
99, 489, 21, 35, 1
100, 489, 21, 36, 1
101, 489, 21, 37, 1
102, 489, 21, 38, 1
103, 489, 21, 39, 1
104, 489, 21, 40, 1
105, 489, 21, 41, 1
106, 489, 21, 42, 1
107, 489, 21, 43, 1
108, 489, 21, 44, 1
109, 489, 21, 45, 1
110, 489, 21, 46, 1
111, 489, 21, 47, 1
112, 489, 21, 48, 1
113, 489, 21, 49, 1
114, 489, 21, 50, 1
115, 489, 21, 51, 1
116, 489, 21, 52, 1
117, 489, 21, 53, 1
118, 489, 21, 54, 1
119, 489, 21, 55, 1
120, 489, 21, 56, 1
121, 489, 21, 57, 1
122, 489, 21, 58, 1
123, 489, 21, 59, 1
124, 489, 21, 60, 1
125, 489, 21, 61, 1
126, 489, 21, 62, 1
127, 489, 21, 63, 1
128, 489, 21, 64, 1
129, 489, 21, 65, 1
130, 489, 21, 66, 1
131, 489, 21, 67, 1
132, 489, 21, 68, 1
133, 489, 21, 69, 1
134, 489, 21, 70, 1
135, 489, 21, 71, 1
136, 489, 21, 72, 1
137, 489, 21, 73, 1
138, 489, 21, 74, 1
139, 489, 21, 75, 1
140, 489, 21, 76, 1
141, 489, 21, 77, 1
142, 489, 21, 78, 1
143, 489, 21, 79, 1
144, 489, 21, 80, 1
145, 489, 21, 81, 1
146, 489, 21, 82, 1
147, 489, 21, 83, 1
148, 489, 21, 84, 1
149, 489, 21, 85, 1
150, 489, 21, 86, 1
151, 489, 21, 87, 1
152, 489, 21, 88, 1
153, 489, 21, 89, 1
154, 489, 21, 90, 1
155, 489, 21, 91, 1
156, 489, 21, 92, 1
157, 489, 21, 93, 1
158, 489, 21, 94, 1
159, 489, 21, 95, 1
160, 489, 21, 96, 1
161, 489, 21, 97, 1
162, 489, 21, 98, 1
163, 489, 21, 99, 1
164, 489, 21, 100, 1
165, 489, 22, 1, 1
166, 489, 22, 2, 1
167, 489, 22, 3, 1
168, 489, 22, 4, 1
169, 489, 22, 5, 1
170, 489, 22, 6, 1
171, 489, 22, 7, 1
172, 489, 22, 8, 1
173, 489, 22, 9, 1
174, 489, 22, 10, 1
175, 489, 22, 11, 1
176, 489, 22, 12, 1
177, 489, 22, 13, 1
178, 489, 22, 14, 1
179, 489, 22, 15, 1
180, 489, 22, 16, 1
181, 489, 22, 17, 1
182, 489, 22, 18, 1
183, 489, 22, 19, 1
184, 489, 22, 20, 1
185, 489, 22, 21, 1
186, 489, 22, 22, 1
187, 489, 22, 23, 1
188, 489, 22, 24, 1
189, 489, 22, 25, 1
190, 489, 22, 26, 1
191, 489, 22, 27, 1
192, 489, 22, 28, 1
193, 489, 22, 29, 1
194, 489, 22, 30, 1
195, 489, 22, 31, 1
196, 489, 22, 32, 1
197, 489, 22, 33, 1
198, 489, 22, 34, 1
199, 489, 22, 35, 1
200, 489, 22, 36, 1
201, 489, 22, 37, 1
202, 489, 22, 38, 1
203, 489, 22, 39, 1
204, 489, 22, 40, 1
205, 489, 22, 41, 1
206, 489, 22, 42, 1
207, 489, 22, 43, 1
208, 489, 22, 44, 1
209, 489, 22, 45, 1
210, 489, 22, 46, 1
211, 489, 22, 47, 1
212, 489, 22, 48, 1
213, 489, 22, 49, 1
214, 489, 22, 50, 1
215, 489, 22, 51, 1
216, 489, 22, 52, 1
217, 489, 22, 53, 1
218, 489, 22, 54, 1
219, 489, 22, 55, 1
220, 489, 22, 56, 1
221, 489, 22, 57, 1
222, 489, 22, 58, 1
223, 489, 22, 59, 1
224, 489, 22, 60, 1
225, 489, 22, 61, 1
226, 489, 22, 62, 1
227, 489, 22, 63, 1
228, 489, 22, 64, 1
229, 489, 22, 65, 1
230, 489, 22, 66, 1
231, 489, 22, 67, 1
232, 489, 22, 68, 1
233, 489, 22, 69, 1
234, 489, 22, 70, 1
235, 489, 22, 71, 1
236, 489, 22, 72, 1
237, 489, 22, 73, 1
238, 489, 22, 74, 1
239, 489, 22, 75, 1
240, 489, 22, 76, 1
241, 489, 22, 77, 1
242, 489, 22, 78, 1
243, 489, 22, 79, 1
244, 489, 22, 80, 1
245, 489, 22, 81, 1
246, 489, 22, 82, 1
247, 489, 22, 83, 1
248, 489, 22, 84, 1
249, 489, 22, 85, 1
250, 489, 22, 86, 1
251, 489, 22, 87, 1
252, 489, 22, 88, 1
253, 489, 22, 89, 1
254, 489, 22, 90, 1
255, 489, 22, 91, 1
256, 489, 22, 92, 1
257, 489, 22, 93, 1
258, 489, 22, 94, 1
259, 489, 22, 95, 1
260, 489, 22, 96, 1
261, 489, 22, 97, 1
262, 489, 22, 98, 1
263, 489, 22, 99, 1
264, 489, 22, 100, 1
265, 489, 23, 1, 1
266, 489, 23, 2, 1
267, 489, 23, 3, 1
268, 489, 23, 4, 1
269, 489, 23, 5, 1
270, 489, 23, 6, 1
271, 489, 23, 7, 1
272, 489, 23, 8, 1
273, 489, 23, 9, 1
274, 489, 23, 10, 1
275, 489, 23, 11, 1
276, 489, 23, 12, 1
277, 489, 23, 13, 1
278, 489, 23, 14, 1
279, 489, 23, 15, 1
280, 489, 23, 16, 1
281, 489, 23, 17, 1
282, 489, 23, 18, 1
283, 489, 23, 19, 1
284, 489, 23, 20, 1
285, 489, 23, 21, 1
286, 489, 23, 22, 1
287, 489, 23, 23, 1
288, 489, 23, 24, 1
289, 489, 23, 25, 1
290, 489, 23, 26, 1
291, 489, 23, 27, 1
292, 489, 23, 28, 1
293, 489, 23, 29, 1
294, 489, 23, 30, 1
295, 489, 23, 31, 1
296, 489, 23, 32, 1
297, 489, 23, 33, 1
298, 489, 23, 34, 1
299, 489, 23, 35, 1
300, 489, 23, 36, 1
301, 489, 23, 37, 1
302, 489, 23, 38, 1
303, 489, 23, 39, 1
304, 489, 23, 40, 1
305, 489, 23, 41, 1
306, 489, 23, 42, 1
307, 489, 23, 43, 1
308, 489, 23, 44, 1
309, 489, 23, 45, 1
310, 489, 23, 46, 1
311, 489, 23, 47, 1
312, 489, 23, 48, 1
313, 489, 23, 49, 1
314, 489, 23, 50, 1
315, 489, 23, 51, 1
316, 489, 23, 52, 1
317, 489, 23, 53, 1
318, 489, 23, 54, 1
319, 489, 23, 55, 1
320, 489, 23, 56, 1
321, 489, 23, 57, 1
322, 489, 23, 58, 1
323, 489, 23, 59, 1
324, 489, 23, 60, 1
325, 489, 23, 61, 1
326, 489, 23, 62, 1
327, 489, 23, 63, 1
328, 489, 23, 64, 1
329, 489, 23, 65, 1
330, 489, 23, 66, 1
331, 489, 23, 67, 1
332, 489, 23, 68, 1
333, 489, 23, 69, 1
334, 489, 23, 70, 1
335, 489, 23, 71, 1
336, 489, 23, 72, 1
337, 489, 23, 73, 1
338, 489, 23, 74, 1
339, 489, 23, 75, 1
340, 489, 23, 76, 1
341, 489, 23, 77, 1
342, 489, 23, 78, 1
343, 489, 23, 79, 1
344, 489, 23, 80, 1
345, 489, 23, 81, 1
346, 489, 23, 82, 1
347, 489, 23, 83, 1
348, 489, 23, 84, 1
349, 489, 23, 85, 1
350, 489, 23, 86, 1
351, 489, 23, 87, 1
352, 489, 23, 88, 1
353, 489, 23, 89, 1
354, 489, 23, 90, 1
355, 489, 23, 91, 1
356, 489, 23, 92, 1
357, 489, 23, 93, 1
358, 489, 23, 94, 1
359, 489, 23, 95, 1
360, 489, 23, 96, 1
361, 489, 23, 97, 1
362, 489, 23, 98, 1
363, 489, 23, 99, 1
364, 489, 23, 100, 1
365, 489, 24, 1, 1
366, 489, 24, 2, 1
367, 489, 24, 3, 1
368, 489, 24, 4, 1
369, 489, 24, 5, 1
370, 489, 24, 6, 1
371, 489, 24, 7, 1
372, 489, 24, 8, 1
373, 489, 24, 9, 1
374, 489, 24, 10, 1
375, 489, 24, 11, 1
376, 489, 24, 12, 1
377, 489, 24, 13, 1
378, 489, 24, 14, 1
379, 489, 24, 15, 1
380, 489, 24, 16, 1
381, 489, 24, 17, 1
382, 489, 24, 18, 1
383, 489, 24, 19, 1
384, 489, 24, 20, 1
385, 489, 24, 21, 1
386, 489, 24, 22, 1
387, 489, 24, 23, 1
388, 489, 24, 24, 1
389, 489, 24, 25, 1
390, 489, 24, 26, 1
391, 489, 24, 27, 1
392, 489, 24, 28, 1
393, 489, 24, 29, 1
394, 489, 24, 30, 1
395, 489, 24, 31, 1
396, 489, 24, 32, 1
397, 489, 24, 33, 1
398, 489, 24, 34, 1
399, 489, 24, 35, 1
400, 489, 24, 36, 1
401, 489, 24, 37, 1
402, 489, 24, 38, 1
403, 489, 24, 39, 1
404, 489, 24, 40, 1
405, 489, 24, 41, 1
406, 489, 24, 42, 1
407, 489, 24, 43, 1
408, 489, 24, 44, 1
409, 489, 24, 45, 1
410, 489, 24, 46, 1
411, 489, 24, 47, 1
412, 489, 24, 48, 1
413, 489, 24, 49, 1
414, 489, 24, 50, 1
415, 489, 24, 51, 1
416, 489, 24, 52, 1
417, 489, 24, 53, 1
418, 489, 24, 54, 1
419, 489, 24, 55, 1
420, 489, 24, 56, 1
421, 489, 24, 57, 1
422, 489, 24, 58, 1
423, 489, 24, 59, 1
424, 489, 24, 60, 1
425, 489, 24, 61, 1
426, 489, 24, 62, 1
427, 489, 24, 63, 1
428, 489, 24, 64, 1
429, 489, 24, 65, 1
430, 489, 24, 66, 1
431, 489, 24, 67, 1
432, 489, 24, 68, 1
433, 489, 24, 69, 1
434, 489, 24, 70, 1
435, 489, 24, 71, 1
436, 489, 24, 72, 1
437, 489, 24, 73, 1
438, 489, 24, 74, 1
439, 489, 24, 75, 1
440, 489, 24, 76, 1
441, 489, 24, 77, 1
442, 489, 24, 78, 1
443, 489, 24, 79, 1
444, 489, 24, 80, 1
445, 489, 24, 81, 1
446, 489, 24, 82, 1
447, 489, 24, 83, 1
448, 489, 24, 84, 1
449, 489, 24, 85, 1
450, 489, 24, 86, 1
451, 489, 24, 87, 1
452, 489, 24, 88, 1
453, 489, 24, 89, 1
454, 489, 24, 90, 1
455, 489, 24, 91, 1
456, 489, 24, 92, 1
457, 489, 24, 93, 1
458, 489, 24, 94, 1
459, 489, 24, 95, 1
460, 489, 24, 96, 1
461, 489, 24, 97, 1
462, 489, 24, 98, 1
463, 489, 24, 99, 1
464, 489, 24, 100, 1
465, 489, 25, 1, 1
466, 489, 25, 2, 1
467, 489, 25, 3, 1
468, 489, 25, 4, 1
469, 489, 25, 5, 1
470, 489, 25, 6, 1
471, 489, 25, 7, 1
472, 489, 25, 8, 1
473, 489, 25, 9, 1
474, 489, 25, 10, 1
475, 489, 25, 11, 1
476, 489, 25, 12, 1
477, 489, 25, 13, 1
478, 489, 25, 14, 1
479, 489, 25, 15, 1
480, 489, 25, 16, 1
481, 489, 25, 17, 1
482, 489, 25, 18, 1
483, 489, 25, 19, 1
484, 489, 25, 20, 1
1, 490, 25, 21, 1
2, 490, 25, 22, 1
3, 490, 25, 23, 1
4, 490, 25, 24, 1
5, 490, 25, 25, 1
6, 490, 25, 26, 1
7, 490, 25, 27, 1
8, 490, 25, 28, 1
9, 490, 25, 29, 1
10, 490, 25, 30, 1
11, 490, 25, 31, 1
12, 490, 25, 32, 1
13, 490, 25, 33, 1
14, 490, 25, 34, 1
15, 490, 25, 35, 1
16, 490, 25, 36, 1
17, 490, 25, 37, 1
18, 490, 25, 38, 1
19, 490, 25, 39, 1
20, 490, 25, 40, 1
21, 490, 25, 41, 1
22, 490, 25, 42, 1
23, 490, 25, 43, 1
24, 490, 25, 44, 1
25, 490, 25, 45, 1
26, 490, 25, 46, 1
27, 490, 25, 47, 1
28, 490, 25, 48, 1
29, 490, 25, 49, 1
30, 490, 25, 50, 1
31, 490, 25, 51, 1
32, 490, 25, 52, 1
33, 490, 25, 53, 1
34, 490, 25, 54, 1
35, 490, 25, 55, 1
36, 490, 25, 56, 1
37, 490, 25, 57, 1
38, 490, 25, 58, 1
39, 490, 25, 59, 1
40, 490, 25, 60, 1
41, 490, 25, 61, 1
42, 490, 25, 62, 1
43, 490, 25, 63, 1
44, 490, 25, 64, 1
45, 490, 25, 65, 1
46, 490, 25, 66, 1
47, 490, 25, 67, 1
48, 490, 25, 68, 1
49, 490, 25, 69, 1
50, 490, 25, 70, 1
51, 490, 25, 71, 1
52, 490, 25, 72, 1
53, 490, 25, 73, 1
54, 490, 25, 74, 1
55, 490, 25, 75, 1
56, 490, 25, 76, 1
57, 490, 25, 77, 1
58, 490, 25, 78, 1
59, 490, 25, 79, 1
60, 490, 25, 80, 1
61, 490, 25, 81, 1
62, 490, 25, 82, 1
63, 490, 25, 83, 1
64, 490, 25, 84, 1
65, 490, 25, 85, 1
66, 490, 25, 86, 1
67, 490, 25, 87, 1
68, 490, 25, 88, 1
69, 490, 25, 89, 1
70, 490, 25, 90, 1
71, 490, 25, 91, 1
72, 490, 25, 92, 1
73, 490, 25, 93, 1
74, 490, 25, 94, 1
75, 490, 25, 95, 1
76, 490, 25, 96, 1
77, 490, 25, 97, 1
78, 490, 25, 98, 1
79, 490, 25, 99, 1
80, 490, 25, 100, 1
81, 490, 26, 1, 1
82, 490, 26, 2, 1
83, 490, 26, 3, 1
84, 490, 26, 4, 1
85, 490, 26, 5, 1
86, 490, 26, 6, 1
87, 490, 26, 7, 1
88, 490, 26, 8, 1
89, 490, 26, 9, 1
90, 490, 26, 10, 1
91, 490, 26, 11, 1
92, 490, 26, 12, 1
93, 490, 26, 13, 1
94, 490, 26, 14, 1
95, 490, 26, 15, 1
96, 490, 26, 16, 1
97, 490, 26, 17, 1
98, 490, 26, 18, 1
99, 490, 26, 19, 1
100, 490, 26, 20, 1
101, 490, 26, 21, 1
102, 490, 26, 22, 1
103, 490, 26, 23, 1
104, 490, 26, 24, 1
105, 490, 26, 25, 1
106, 490, 26, 26, 1
107, 490, 26, 27, 1
108, 490, 26, 28, 1
109, 490, 26, 29, 1
110, 490, 26, 30, 1
111, 490, 26, 31, 1
112, 490, 26, 32, 1
113, 490, 26, 33, 1
114, 490, 26, 34, 1
115, 490, 26, 35, 1
116, 490, 26, 36, 1
117, 490, 26, 37, 1
118, 490, 26, 38, 1
119, 490, 26, 39, 1
120, 490, 26, 40, 1
121, 490, 26, 41, 1
122, 490, 26, 42, 1
123, 490, 26, 43, 1
124, 490, 26, 44, 1
125, 490, 26, 45, 1
126, 490, 26, 46, 1
127, 490, 26, 47, 1
128, 490, 26, 48, 1
129, 490, 26, 49, 1
130, 490, 26, 50, 1
131, 490, 26, 51, 1
132, 490, 26, 52, 1
133, 490, 26, 53, 1
134, 490, 26, 54, 1
135, 490, 26, 55, 1
136, 490, 26, 56, 1
137, 490, 26, 57, 1
138, 490, 26, 58, 1
139, 490, 26, 59, 1
140, 490, 26, 60, 1
141, 490, 26, 61, 1
142, 490, 26, 62, 1
143, 490, 26, 63, 1
144, 490, 26, 64, 1
145, 490, 26, 65, 1
146, 490, 26, 66, 1
147, 490, 26, 67, 1
148, 490, 26, 68, 1
149, 490, 26, 69, 1
150, 490, 26, 70, 1
151, 490, 26, 71, 1
152, 490, 26, 72, 1
153, 490, 26, 73, 1
154, 490, 26, 74, 1
155, 490, 26, 75, 1
156, 490, 26, 76, 1
157, 490, 26, 77, 1
158, 490, 26, 78, 1
159, 490, 26, 79, 1
160, 490, 26, 80, 1
161, 490, 26, 81, 1
162, 490, 26, 82, 1
163, 490, 26, 83, 1
164, 490, 26, 84, 1
165, 490, 26, 85, 1
166, 490, 26, 86, 1
167, 490, 26, 87, 1
168, 490, 26, 88, 1
169, 490, 26, 89, 1
170, 490, 26, 90, 1
171, 490, 26, 91, 1
172, 490, 26, 92, 1
173, 490, 26, 93, 1
174, 490, 26, 94, 1
175, 490, 26, 95, 1
176, 490, 26, 96, 1
177, 490, 26, 97, 1
178, 490, 26, 98, 1
179, 490, 26, 99, 1
180, 490, 26, 100, 1
181, 490, 27, 1, 1
182, 490, 27, 2, 1
183, 490, 27, 3, 1
184, 490, 27, 4, 1
185, 490, 27, 5, 1
186, 490, 27, 6, 1
187, 490, 27, 7, 1
188, 490, 27, 8, 1
189, 490, 27, 9, 1
190, 490, 27, 10, 1
191, 490, 27, 11, 1
192, 490, 27, 12, 1
193, 490, 27, 13, 1
194, 490, 27, 14, 1
195, 490, 27, 15, 1
196, 490, 27, 16, 1
197, 490, 27, 17, 1
198, 490, 27, 18, 1
199, 490, 27, 19, 1
200, 490, 27, 20, 1
201, 490, 27, 21, 1
202, 490, 27, 22, 1
203, 490, 27, 23, 1
204, 490, 27, 24, 1
205, 490, 27, 25, 1
206, 490, 27, 26, 1
207, 490, 27, 27, 1
208, 490, 27, 28, 1
209, 490, 27, 29, 1
210, 490, 27, 30, 1
211, 490, 27, 31, 1
212, 490, 27, 32, 1
213, 490, 27, 33, 1
214, 490, 27, 34, 1
215, 490, 27, 35, 1
216, 490, 27, 36, 1
217, 490, 27, 37, 1
218, 490, 27, 38, 1
219, 490, 27, 39, 1
220, 490, 27, 40, 1
221, 490, 27, 41, 1
222, 490, 27, 42, 1
223, 490, 27, 43, 1
224, 490, 27, 44, 1
225, 490, 27, 45, 1
226, 490, 27, 46, 1
227, 490, 27, 47, 1
228, 490, 27, 48, 1
229, 490, 27, 49, 1
230, 490, 27, 50, 1
231, 490, 27, 51, 1
232, 490, 27, 52, 1
233, 490, 27, 53, 1
234, 490, 27, 54, 1
235, 490, 27, 55, 1
236, 490, 27, 56, 1
237, 490, 27, 57, 1
238, 490, 27, 58, 1
239, 490, 27, 59, 1
240, 490, 27, 60, 1
241, 490, 27, 61, 1
242, 490, 27, 62, 1
243, 490, 27, 63, 1
244, 490, 27, 64, 1
245, 490, 27, 65, 1
246, 490, 27, 66, 1
247, 490, 27, 67, 1
248, 490, 27, 68, 1
249, 490, 27, 69, 1
250, 490, 27, 70, 1
251, 490, 27, 71, 1
252, 490, 27, 72, 1
253, 490, 27, 73, 1
254, 490, 27, 74, 1
255, 490, 27, 75, 1
256, 490, 27, 76, 1
257, 490, 27, 77, 1
258, 490, 27, 78, 1
259, 490, 27, 79, 1
260, 490, 27, 80, 1
261, 490, 27, 81, 1
262, 490, 27, 82, 1
263, 490, 27, 83, 1
264, 490, 27, 84, 1
265, 490, 27, 85, 1
266, 490, 27, 86, 1
267, 490, 27, 87, 1
268, 490, 27, 88, 1
269, 490, 27, 89, 1
270, 490, 27, 90, 1
271, 490, 27, 91, 1
272, 490, 27, 92, 1
273, 490, 27, 93, 1
274, 490, 27, 94, 1
275, 490, 27, 95, 1
276, 490, 27, 96, 1
277, 490, 27, 97, 1
278, 490, 27, 98, 1
279, 490, 27, 99, 1
280, 490, 27, 100, 1
281, 490, 28, 1, 1
282, 490, 28, 2, 1
283, 490, 28, 3, 1
284, 490, 28, 4, 1
285, 490, 28, 5, 1
286, 490, 28, 6, 1
287, 490, 28, 7, 1
288, 490, 28, 8, 1
289, 490, 28, 9, 1
290, 490, 28, 10, 1
291, 490, 28, 11, 1
292, 490, 28, 12, 1
293, 490, 28, 13, 1
294, 490, 28, 14, 1
295, 490, 28, 15, 1
296, 490, 28, 16, 1
297, 490, 28, 17, 1
298, 490, 28, 18, 1
299, 490, 28, 19, 1
300, 490, 28, 20, 1
301, 490, 28, 21, 1
302, 490, 28, 22, 1
303, 490, 28, 23, 1
304, 490, 28, 24, 1
305, 490, 28, 25, 1
306, 490, 28, 26, 1
307, 490, 28, 27, 1
308, 490, 28, 28, 1
309, 490, 28, 29, 1
310, 490, 28, 30, 1
311, 490, 28, 31, 1
312, 490, 28, 32, 1
313, 490, 28, 33, 1
314, 490, 28, 34, 1
315, 490, 28, 35, 1
316, 490, 28, 36, 1
317, 490, 28, 37, 1
318, 490, 28, 38, 1
319, 490, 28, 39, 1
320, 490, 28, 40, 1
321, 490, 28, 41, 1
322, 490, 28, 42, 1
323, 490, 28, 43, 1
324, 490, 28, 44, 1
325, 490, 28, 45, 1
326, 490, 28, 46, 1
327, 490, 28, 47, 1
328, 490, 28, 48, 1
329, 490, 28, 49, 1
330, 490, 28, 50, 1
331, 490, 28, 51, 1
332, 490, 28, 52, 1
333, 490, 28, 53, 1
334, 490, 28, 54, 1
335, 490, 28, 55, 1
336, 490, 28, 56, 1
337, 490, 28, 57, 1
338, 490, 28, 58, 1
339, 490, 28, 59, 1
340, 490, 28, 60, 1
341, 490, 28, 61, 1
342, 490, 28, 62, 1
343, 490, 28, 63, 1
344, 490, 28, 64, 1
345, 490, 28, 65, 1
346, 490, 28, 66, 1
347, 490, 28, 67, 1
348, 490, 28, 68, 1
349, 490, 28, 69, 1
350, 490, 28, 70, 1
351, 490, 28, 71, 1
352, 490, 28, 72, 1
353, 490, 28, 73, 1
354, 490, 28, 74, 1
355, 490, 28, 75, 1
356, 490, 28, 76, 1
357, 490, 28, 77, 1
358, 490, 28, 78, 1
359, 490, 28, 79, 1
360, 490, 28, 80, 1
361, 490, 28, 81, 1
362, 490, 28, 82, 1
363, 490, 28, 83, 1
364, 490, 28, 84, 1
365, 490, 28, 85, 1
366, 490, 28, 86, 1
367, 490, 28, 87, 1
368, 490, 28, 88, 1
369, 490, 28, 89, 1
370, 490, 28, 90, 1
371, 490, 28, 91, 1
372, 490, 28, 92, 1
373, 490, 28, 93, 1
374, 490, 28, 94, 1
375, 490, 28, 95, 1
376, 490, 28, 96, 1
377, 490, 28, 97, 1
378, 490, 28, 98, 1
379, 490, 28, 99, 1
380, 490, 28, 100, 1
381, 490, 29, 1, 1
382, 490, 29, 2, 1
383, 490, 29, 3, 1
384, 490, 29, 4, 1
385, 490, 29, 5, 1
386, 490, 29, 6, 1
387, 490, 29, 7, 1
388, 490, 29, 8, 1
389, 490, 29, 9, 1
390, 490, 29, 10, 1
391, 490, 29, 11, 1
392, 490, 29, 12, 1
393, 490, 29, 13, 1
394, 490, 29, 14, 1
395, 490, 29, 15, 1
396, 490, 29, 16, 1
397, 490, 29, 17, 1
398, 490, 29, 18, 1
399, 490, 29, 19, 1
400, 490, 29, 20, 1
401, 490, 29, 21, 1
402, 490, 29, 22, 1
403, 490, 29, 23, 1
404, 490, 29, 24, 1
405, 490, 29, 25, 1
406, 490, 29, 26, 1
407, 490, 29, 27, 1
408, 490, 29, 28, 1
409, 490, 29, 29, 1
410, 490, 29, 30, 1
411, 490, 29, 31, 1
412, 490, 29, 32, 1
413, 490, 29, 33, 1
414, 490, 29, 34, 1
415, 490, 29, 35, 1
416, 490, 29, 36, 1
417, 490, 29, 37, 1
418, 490, 29, 38, 1
419, 490, 29, 39, 1
420, 490, 29, 40, 1
421, 490, 29, 41, 1
422, 490, 29, 42, 1
423, 490, 29, 43, 1
424, 490, 29, 44, 1
425, 490, 29, 45, 1
426, 490, 29, 46, 1
427, 490, 29, 47, 1
428, 490, 29, 48, 1
429, 490, 29, 49, 1
430, 490, 29, 50, 1
431, 490, 29, 51, 1
432, 490, 29, 52, 1
433, 490, 29, 53, 1
434, 490, 29, 54, 1
435, 490, 29, 55, 1
436, 490, 29, 56, 1
437, 490, 29, 57, 1
438, 490, 29, 58, 1
439, 490, 29, 59, 1
440, 490, 29, 60, 1
441, 490, 29, 61, 1
442, 490, 29, 62, 1
443, 490, 29, 63, 1
444, 490, 29, 64, 1
445, 490, 29, 65, 1
446, 490, 29, 66, 1
447, 490, 29, 67, 1
448, 490, 29, 68, 1
449, 490, 29, 69, 1
450, 490, 29, 70, 1
451, 490, 29, 71, 1
452, 490, 29, 72, 1
453, 490, 29, 73, 1
454, 490, 29, 74, 1
455, 490, 29, 75, 1
456, 490, 29, 76, 1
457, 490, 29, 77, 1
458, 490, 29, 78, 1
459, 490, 29, 79, 1
460, 490, 29, 80, 1
461, 490, 29, 81, 1
462, 490, 29, 82, 1
463, 490, 29, 83, 1
464, 490, 29, 84, 1
465, 490, 29, 85, 1
466, 490, 29, 86, 1
467, 490, 29, 87, 1
468, 490, 29, 88, 1
469, 490, 29, 89, 1
470, 490, 29, 90, 1
471, 490, 29, 91, 1
472, 490, 29, 92, 1
473, 490, 29, 93, 1
474, 490, 29, 94, 1
475, 490, 29, 95, 1
476, 490, 29, 96, 1
477, 490, 29, 97, 1
478, 490, 29, 98, 1
479, 490, 29, 99, 1
480, 490, 29, 100, 1
481, 490, 30, 1, 1
482, 490, 30, 2, 1
483, 490, 30, 3, 1
484, 490, 30, 4, 1
1, 491, 30, 5, 1
2, 491, 30, 6, 1
3, 491, 30, 7, 1
4, 491, 30, 8, 1
5, 491, 30, 9, 1
6, 491, 30, 10, 1
7, 491, 30, 11, 1
8, 491, 30, 12, 1
9, 491, 30, 13, 1
10, 491, 30, 14, 1
11, 491, 30, 15, 1
12, 491, 30, 16, 1
13, 491, 30, 17, 1
14, 491, 30, 18, 1
15, 491, 30, 19, 1
16, 491, 30, 20, 1
17, 491, 30, 21, 1
18, 491, 30, 22, 1
19, 491, 30, 23, 1
20, 491, 30, 24, 1
21, 491, 30, 25, 1
22, 491, 30, 26, 1
23, 491, 30, 27, 1
24, 491, 30, 28, 1
25, 491, 30, 29, 1
26, 491, 30, 30, 1
27, 491, 30, 31, 1
28, 491, 30, 32, 1
29, 491, 30, 33, 1
30, 491, 30, 34, 1
31, 491, 30, 35, 1
32, 491, 30, 36, 1
33, 491, 30, 37, 1
34, 491, 30, 38, 1
35, 491, 30, 39, 1
36, 491, 30, 40, 1
37, 491, 30, 41, 1
38, 491, 30, 42, 1
39, 491, 30, 43, 1
40, 491, 30, 44, 1
41, 491, 30, 45, 1
42, 491, 30, 46, 1
43, 491, 30, 47, 1
44, 491, 30, 48, 1
45, 491, 30, 49, 1
46, 491, 30, 50, 1
47, 491, 30, 51, 1
48, 491, 30, 52, 1
49, 491, 30, 53, 1
50, 491, 30, 54, 1
51, 491, 30, 55, 1
52, 491, 30, 56, 1
53, 491, 30, 57, 1
54, 491, 30, 58, 1
55, 491, 30, 59, 1
56, 491, 30, 60, 1
57, 491, 30, 61, 1
58, 491, 30, 62, 1
59, 491, 30, 63, 1
60, 491, 30, 64, 1
61, 491, 30, 65, 1
62, 491, 30, 66, 1
63, 491, 30, 67, 1
64, 491, 30, 68, 1
65, 491, 30, 69, 1
66, 491, 30, 70, 1
67, 491, 30, 71, 1
68, 491, 30, 72, 1
69, 491, 30, 73, 1
70, 491, 30, 74, 1
71, 491, 30, 75, 1
72, 491, 30, 76, 1
73, 491, 30, 77, 1
74, 491, 30, 78, 1
75, 491, 30, 79, 1
76, 491, 30, 80, 1
77, 491, 30, 81, 1
78, 491, 30, 82, 1
79, 491, 30, 83, 1
80, 491, 30, 84, 1
81, 491, 30, 85, 1
82, 491, 30, 86, 1
83, 491, 30, 87, 1
84, 491, 30, 88, 1
85, 491, 30, 89, 1
86, 491, 30, 90, 1
87, 491, 30, 91, 1
88, 491, 30, 92, 1
89, 491, 30, 93, 1
90, 491, 30, 94, 1
91, 491, 30, 95, 1
92, 491, 30, 96, 1
93, 491, 30, 97, 1
94, 491, 30, 98, 1
95, 491, 30, 99, 1
96, 491, 30, 100, 1
97, 491, 31, 1, 1
98, 491, 31, 2, 1
99, 491, 31, 3, 1
100, 491, 31, 4, 1
101, 491, 31, 5, 1
102, 491, 31, 6, 1
103, 491, 31, 7, 1
104, 491, 31, 8, 1
105, 491, 31, 9, 1
106, 491, 31, 10, 1
107, 491, 31, 11, 1
108, 491, 31, 12, 1
109, 491, 31, 13, 1
110, 491, 31, 14, 1
111, 491, 31, 15, 1
112, 491, 31, 16, 1
113, 491, 31, 17, 1
114, 491, 31, 18, 1
115, 491, 31, 19, 1
116, 491, 31, 20, 1
117, 491, 31, 21, 1
118, 491, 31, 22, 1
119, 491, 31, 23, 1
120, 491, 31, 24, 1
121, 491, 31, 25, 1
122, 491, 31, 26, 1
123, 491, 31, 27, 1
124, 491, 31, 28, 1
125, 491, 31, 29, 1
126, 491, 31, 30, 1
127, 491, 31, 31, 1
128, 491, 31, 32, 1
129, 491, 31, 33, 1
130, 491, 31, 34, 1
131, 491, 31, 35, 1
132, 491, 31, 36, 1
133, 491, 31, 37, 1
134, 491, 31, 38, 1
135, 491, 31, 39, 1
136, 491, 31, 40, 1
137, 491, 31, 41, 1
138, 491, 31, 42, 1
139, 491, 31, 43, 1
140, 491, 31, 44, 1
141, 491, 31, 45, 1
142, 491, 31, 46, 1
143, 491, 31, 47, 1
144, 491, 31, 48, 1
145, 491, 31, 49, 1
146, 491, 31, 50, 1
147, 491, 31, 51, 1
148, 491, 31, 52, 1
149, 491, 31, 53, 1
150, 491, 31, 54, 1
151, 491, 31, 55, 1
152, 491, 31, 56, 1
153, 491, 31, 57, 1
154, 491, 31, 58, 1
155, 491, 31, 59, 1
156, 491, 31, 60, 1
157, 491, 31, 61, 1
158, 491, 31, 62, 1
159, 491, 31, 63, 1
160, 491, 31, 64, 1
161, 491, 31, 65, 1
162, 491, 31, 66, 1
163, 491, 31, 67, 1
164, 491, 31, 68, 1
165, 491, 31, 69, 1
166, 491, 31, 70, 1
167, 491, 31, 71, 1
168, 491, 31, 72, 1
169, 491, 31, 73, 1
170, 491, 31, 74, 1
171, 491, 31, 75, 1
172, 491, 31, 76, 1
173, 491, 31, 77, 1
174, 491, 31, 78, 1
175, 491, 31, 79, 1
176, 491, 31, 80, 1
177, 491, 31, 81, 1
178, 491, 31, 82, 1
179, 491, 31, 83, 1
180, 491, 31, 84, 1
181, 491, 31, 85, 1
182, 491, 31, 86, 1
183, 491, 31, 87, 1
184, 491, 31, 88, 1
185, 491, 31, 89, 1
186, 491, 31, 90, 1
187, 491, 31, 91, 1
188, 491, 31, 92, 1
189, 491, 31, 93, 1
190, 491, 31, 94, 1
191, 491, 31, 95, 1
192, 491, 31, 96, 1
193, 491, 31, 97, 1
194, 491, 31, 98, 1
195, 491, 31, 99, 1
196, 491, 31, 100, 1
197, 491, 32, 1, 1
198, 491, 32, 2, 1
199, 491, 32, 3, 1
200, 491, 32, 4, 1
201, 491, 32, 5, 1
202, 491, 32, 6, 1
203, 491, 32, 7, 1
204, 491, 32, 8, 1
205, 491, 32, 9, 1
206, 491, 32, 10, 1
207, 491, 32, 11, 1
208, 491, 32, 12, 1
209, 491, 32, 13, 1
210, 491, 32, 14, 1
211, 491, 32, 15, 1
212, 491, 32, 16, 1
213, 491, 32, 17, 1
214, 491, 32, 18, 1
215, 491, 32, 19, 1
216, 491, 32, 20, 1
217, 491, 32, 21, 1
218, 491, 32, 22, 1
219, 491, 32, 23, 1
220, 491, 32, 24, 1
221, 491, 32, 25, 1
222, 491, 32, 26, 1
223, 491, 32, 27, 1
224, 491, 32, 28, 1
225, 491, 32, 29, 1
226, 491, 32, 30, 1
227, 491, 32, 31, 1
228, 491, 32, 32, 1
229, 491, 32, 33, 1
230, 491, 32, 34, 1
231, 491, 32, 35, 1
232, 491, 32, 36, 1
233, 491, 32, 37, 1
234, 491, 32, 38, 1
235, 491, 32, 39, 1
236, 491, 32, 40, 1
237, 491, 32, 41, 1
238, 491, 32, 42, 1
239, 491, 32, 43, 1
240, 491, 32, 44, 1
241, 491, 32, 45, 1
242, 491, 32, 46, 1
243, 491, 32, 47, 1
244, 491, 32, 48, 1
245, 491, 32, 49, 1
246, 491, 32, 50, 1
247, 491, 32, 51, 1
248, 491, 32, 52, 1
249, 491, 32, 53, 1
250, 491, 32, 54, 1
251, 491, 32, 55, 1
252, 491, 32, 56, 1
253, 491, 32, 57, 1
254, 491, 32, 58, 1
255, 491, 32, 59, 1
256, 491, 32, 60, 1
257, 491, 32, 61, 1
258, 491, 32, 62, 1
259, 491, 32, 63, 1
260, 491, 32, 64, 1
261, 491, 32, 65, 1
262, 491, 32, 66, 1
263, 491, 32, 67, 1
264, 491, 32, 68, 1
265, 491, 32, 69, 1
266, 491, 32, 70, 1
267, 491, 32, 71, 1
268, 491, 32, 72, 1
269, 491, 32, 73, 1
270, 491, 32, 74, 1
271, 491, 32, 75, 1
272, 491, 32, 76, 1
273, 491, 32, 77, 1
274, 491, 32, 78, 1
275, 491, 32, 79, 1
276, 491, 32, 80, 1
277, 491, 32, 81, 1
278, 491, 32, 82, 1
279, 491, 32, 83, 1
280, 491, 32, 84, 1
281, 491, 32, 85, 1
282, 491, 32, 86, 1
283, 491, 32, 87, 1
284, 491, 32, 88, 1
285, 491, 32, 89, 1
286, 491, 32, 90, 1
287, 491, 32, 91, 1
288, 491, 32, 92, 1
289, 491, 32, 93, 1
290, 491, 32, 94, 1
291, 491, 32, 95, 1
292, 491, 32, 96, 1
293, 491, 32, 97, 1
294, 491, 32, 98, 1
295, 491, 32, 99, 1
296, 491, 32, 100, 1
297, 491, 33, 1, 1
298, 491, 33, 2, 1
299, 491, 33, 3, 1
300, 491, 33, 4, 1
301, 491, 33, 5, 1
302, 491, 33, 6, 1
303, 491, 33, 7, 1
304, 491, 33, 8, 1
305, 491, 33, 9, 1
306, 491, 33, 10, 1
307, 491, 33, 11, 1
308, 491, 33, 12, 1
309, 491, 33, 13, 1
310, 491, 33, 14, 1
311, 491, 33, 15, 1
312, 491, 33, 16, 1
313, 491, 33, 17, 1
314, 491, 33, 18, 1
315, 491, 33, 19, 1
316, 491, 33, 20, 1
317, 491, 33, 21, 1
318, 491, 33, 22, 1
319, 491, 33, 23, 1
320, 491, 33, 24, 1
321, 491, 33, 25, 1
322, 491, 33, 26, 1
323, 491, 33, 27, 1
324, 491, 33, 28, 1
325, 491, 33, 29, 1
326, 491, 33, 30, 1
327, 491, 33, 31, 1
328, 491, 33, 32, 1
329, 491, 33, 33, 1
330, 491, 33, 34, 1
331, 491, 33, 35, 1
332, 491, 33, 36, 1
333, 491, 33, 37, 1
334, 491, 33, 38, 1
335, 491, 33, 39, 1
336, 491, 33, 40, 1
337, 491, 33, 41, 1
338, 491, 33, 42, 1
339, 491, 33, 43, 1
340, 491, 33, 44, 1
341, 491, 33, 45, 1
342, 491, 33, 46, 1
343, 491, 33, 47, 1
344, 491, 33, 48, 1
345, 491, 33, 49, 1
346, 491, 33, 50, 1
347, 491, 33, 51, 1
348, 491, 33, 52, 1
349, 491, 33, 53, 1
350, 491, 33, 54, 1
351, 491, 33, 55, 1
352, 491, 33, 56, 1
353, 491, 33, 57, 1
354, 491, 33, 58, 1
355, 491, 33, 59, 1
356, 491, 33, 60, 1
357, 491, 33, 61, 1
358, 491, 33, 62, 1
359, 491, 33, 63, 1
360, 491, 33, 64, 1
361, 491, 33, 65, 1
362, 491, 33, 66, 1
363, 491, 33, 67, 1
364, 491, 33, 68, 1
365, 491, 33, 69, 1
366, 491, 33, 70, 1
367, 491, 33, 71, 1
368, 491, 33, 72, 1
369, 491, 33, 73, 1
370, 491, 33, 74, 1
371, 491, 33, 75, 1
372, 491, 33, 76, 1
373, 491, 33, 77, 1
374, 491, 33, 78, 1
375, 491, 33, 79, 1
376, 491, 33, 80, 1
377, 491, 33, 81, 1
378, 491, 33, 82, 1
379, 491, 33, 83, 1
380, 491, 33, 84, 1
381, 491, 33, 85, 1
382, 491, 33, 86, 1
383, 491, 33, 87, 1
384, 491, 33, 88, 1
385, 491, 33, 89, 1
386, 491, 33, 90, 1
387, 491, 33, 91, 1
388, 491, 33, 92, 1
389, 491, 33, 93, 1
390, 491, 33, 94, 1
391, 491, 33, 95, 1
392, 491, 33, 96, 1
393, 491, 33, 97, 1
394, 491, 33, 98, 1
395, 491, 33, 99, 1
396, 491, 33, 100, 1
397, 491, 34, 1, 1
398, 491, 34, 2, 1
399, 491, 34, 3, 1
400, 491, 34, 4, 1
401, 491, 34, 5, 1
402, 491, 34, 6, 1
403, 491, 34, 7, 1
404, 491, 34, 8, 1
405, 491, 34, 9, 1
406, 491, 34, 10, 1
407, 491, 34, 11, 1
408, 491, 34, 12, 1
409, 491, 34, 13, 1
410, 491, 34, 14, 1
411, 491, 34, 15, 1
412, 491, 34, 16, 1
413, 491, 34, 17, 1
414, 491, 34, 18, 1
415, 491, 34, 19, 1
416, 491, 34, 20, 1
417, 491, 34, 21, 1
418, 491, 34, 22, 1
419, 491, 34, 23, 1
420, 491, 34, 24, 1
421, 491, 34, 25, 1
422, 491, 34, 26, 1
423, 491, 34, 27, 1
424, 491, 34, 28, 1
425, 491, 34, 29, 1
426, 491, 34, 30, 1
427, 491, 34, 31, 1
428, 491, 34, 32, 1
429, 491, 34, 33, 1
430, 491, 34, 34, 1
431, 491, 34, 35, 1
432, 491, 34, 36, 1
433, 491, 34, 37, 1
434, 491, 34, 38, 1
435, 491, 34, 39, 1
436, 491, 34, 40, 1
437, 491, 34, 41, 1
438, 491, 34, 42, 1
439, 491, 34, 43, 1
440, 491, 34, 44, 1
441, 491, 34, 45, 1
442, 491, 34, 46, 1
443, 491, 34, 47, 1
444, 491, 34, 48, 1
445, 491, 34, 49, 1
446, 491, 34, 50, 1
447, 491, 34, 51, 1
448, 491, 34, 52, 1
449, 491, 34, 53, 1
450, 491, 34, 54, 1
451, 491, 34, 55, 1
452, 491, 34, 56, 1
453, 491, 34, 57, 1
454, 491, 34, 58, 1
455, 491, 34, 59, 1
456, 491, 34, 60, 1
457, 491, 34, 61, 1
458, 491, 34, 62, 1
459, 491, 34, 63, 1
460, 491, 34, 64, 1
461, 491, 34, 65, 1
462, 491, 34, 66, 1
463, 491, 34, 67, 1
464, 491, 34, 68, 1
465, 491, 34, 69, 1
466, 491, 34, 70, 1
467, 491, 34, 71, 1
468, 491, 34, 72, 1
469, 491, 34, 73, 1
470, 491, 34, 74, 1
471, 491, 34, 75, 1
472, 491, 34, 76, 1
473, 491, 34, 77, 1
474, 491, 34, 78, 1
475, 491, 34, 79, 1
476, 491, 34, 80, 1
477, 491, 34, 81, 1
478, 491, 34, 82, 1
479, 491, 34, 83, 1
480, 491, 34, 84, 1
481, 491, 34, 85, 1
482, 491, 34, 86, 1
483, 491, 34, 87, 1
484, 491, 34, 88, 1
1, 492, 34, 89, 1
2, 492, 34, 90, 1
3, 492, 34, 91, 1
4, 492, 34, 92, 1
5, 492, 34, 93, 1
6, 492, 34, 94, 1
7, 492, 34, 95, 1
8, 492, 34, 96, 1
9, 492, 34, 97, 1
10, 492, 34, 98, 1
11, 492, 34, 99, 1
12, 492, 34, 100, 1
13, 492, 35, 1, 1
14, 492, 35, 2, 1
15, 492, 35, 3, 1
16, 492, 35, 4, 1
17, 492, 35, 5, 1
18, 492, 35, 6, 1
19, 492, 35, 7, 1
20, 492, 35, 8, 1
21, 492, 35, 9, 1
22, 492, 35, 10, 1
23, 492, 35, 11, 1
24, 492, 35, 12, 1
25, 492, 35, 13, 1
26, 492, 35, 14, 1
27, 492, 35, 15, 1
28, 492, 35, 16, 1
29, 492, 35, 17, 1
30, 492, 35, 18, 1
31, 492, 35, 19, 1
32, 492, 35, 20, 1
33, 492, 35, 21, 1
34, 492, 35, 22, 1
35, 492, 35, 23, 1
36, 492, 35, 24, 1
37, 492, 35, 25, 1
38, 492, 35, 26, 1
39, 492, 35, 27, 1
40, 492, 35, 28, 1
41, 492, 35, 29, 1
42, 492, 35, 30, 1
43, 492, 35, 31, 1
44, 492, 35, 32, 1
45, 492, 35, 33, 1
46, 492, 35, 34, 1
47, 492, 35, 35, 1
48, 492, 35, 36, 1
49, 492, 35, 37, 1
50, 492, 35, 38, 1
51, 492, 35, 39, 1
52, 492, 35, 40, 1
53, 492, 35, 41, 1
54, 492, 35, 42, 1
55, 492, 35, 43, 1
56, 492, 35, 44, 1
57, 492, 35, 45, 1
58, 492, 35, 46, 1
59, 492, 35, 47, 1
60, 492, 35, 48, 1
61, 492, 35, 49, 1
62, 492, 35, 50, 1
63, 492, 35, 51, 1
64, 492, 35, 52, 1
65, 492, 35, 53, 1
66, 492, 35, 54, 1
67, 492, 35, 55, 1
68, 492, 35, 56, 1
69, 492, 35, 57, 1
70, 492, 35, 58, 1
71, 492, 35, 59, 1
72, 492, 35, 60, 1
73, 492, 35, 61, 1
74, 492, 35, 62, 1
75, 492, 35, 63, 1
76, 492, 35, 64, 1
77, 492, 35, 65, 1
78, 492, 35, 66, 1
79, 492, 35, 67, 1
80, 492, 35, 68, 1
81, 492, 35, 69, 1
82, 492, 35, 70, 1
83, 492, 35, 71, 1
84, 492, 35, 72, 1
85, 492, 35, 73, 1
86, 492, 35, 74, 1
87, 492, 35, 75, 1
88, 492, 35, 76, 1
89, 492, 35, 77, 1
90, 492, 35, 78, 1
91, 492, 35, 79, 1
92, 492, 35, 80, 1
93, 492, 35, 81, 1
94, 492, 35, 82, 1
95, 492, 35, 83, 1
96, 492, 35, 84, 1
97, 492, 35, 85, 1
98, 492, 35, 86, 1
99, 492, 35, 87, 1
100, 492, 35, 88, 1
101, 492, 35, 89, 1
102, 492, 35, 90, 1
103, 492, 35, 91, 1
104, 492, 35, 92, 1
105, 492, 35, 93, 1
106, 492, 35, 94, 1
107, 492, 35, 95, 1
108, 492, 35, 96, 1
109, 492, 35, 97, 1
110, 492, 35, 98, 1
111, 492, 35, 99, 1
112, 492, 35, 100, 1
113, 492, 36, 1, 1
114, 492, 36, 2, 1
115, 492, 36, 3, 1
116, 492, 36, 4, 1
117, 492, 36, 5, 1
118, 492, 36, 6, 1
119, 492, 36, 7, 1
120, 492, 36, 8, 1
121, 492, 36, 9, 1
122, 492, 36, 10, 1
123, 492, 36, 11, 1
124, 492, 36, 12, 1
125, 492, 36, 13, 1
126, 492, 36, 14, 1
127, 492, 36, 15, 1
128, 492, 36, 16, 1
129, 492, 36, 17, 1
130, 492, 36, 18, 1
131, 492, 36, 19, 1
132, 492, 36, 20, 1
133, 492, 36, 21, 1
134, 492, 36, 22, 1
135, 492, 36, 23, 1
136, 492, 36, 24, 1
137, 492, 36, 25, 1
138, 492, 36, 26, 1
139, 492, 36, 27, 1
140, 492, 36, 28, 1
141, 492, 36, 29, 1
142, 492, 36, 30, 1
143, 492, 36, 31, 1
144, 492, 36, 32, 1
145, 492, 36, 33, 1
146, 492, 36, 34, 1
147, 492, 36, 35, 1
148, 492, 36, 36, 1
149, 492, 36, 37, 1
150, 492, 36, 38, 1
151, 492, 36, 39, 1
152, 492, 36, 40, 1
153, 492, 36, 41, 1
154, 492, 36, 42, 1
155, 492, 36, 43, 1
156, 492, 36, 44, 1
157, 492, 36, 45, 1
158, 492, 36, 46, 1
159, 492, 36, 47, 1
160, 492, 36, 48, 1
161, 492, 36, 49, 1
162, 492, 36, 50, 1
163, 492, 36, 51, 1
164, 492, 36, 52, 1
165, 492, 36, 53, 1
166, 492, 36, 54, 1
167, 492, 36, 55, 1
168, 492, 36, 56, 1
169, 492, 36, 57, 1
170, 492, 36, 58, 1
171, 492, 36, 59, 1
172, 492, 36, 60, 1
173, 492, 36, 61, 1
174, 492, 36, 62, 1
175, 492, 36, 63, 1
176, 492, 36, 64, 1
177, 492, 36, 65, 1
178, 492, 36, 66, 1
179, 492, 36, 67, 1
180, 492, 36, 68, 1
181, 492, 36, 69, 1
182, 492, 36, 70, 1
183, 492, 36, 71, 1
184, 492, 36, 72, 1
185, 492, 36, 73, 1
186, 492, 36, 74, 1
187, 492, 36, 75, 1
188, 492, 36, 76, 1
189, 492, 36, 77, 1
190, 492, 36, 78, 1
191, 492, 36, 79, 1
192, 492, 36, 80, 1
193, 492, 36, 81, 1
194, 492, 36, 82, 1
195, 492, 36, 83, 1
196, 492, 36, 84, 1
197, 492, 36, 85, 1
198, 492, 36, 86, 1
199, 492, 36, 87, 1
200, 492, 36, 88, 1
201, 492, 36, 89, 1
202, 492, 36, 90, 1
203, 492, 36, 91, 1
204, 492, 36, 92, 1
205, 492, 36, 93, 1
206, 492, 36, 94, 1
207, 492, 36, 95, 1
208, 492, 36, 96, 1
209, 492, 36, 97, 1
210, 492, 36, 98, 1
211, 492, 36, 99, 1
212, 492, 36, 100, 1
213, 492, 37, 1, 1
214, 492, 37, 2, 1
215, 492, 37, 3, 1
216, 492, 37, 4, 1
217, 492, 37, 5, 1
218, 492, 37, 6, 1
219, 492, 37, 7, 1
220, 492, 37, 8, 1
221, 492, 37, 9, 1
222, 492, 37, 10, 1
223, 492, 37, 11, 1
224, 492, 37, 12, 1
225, 492, 37, 13, 1
226, 492, 37, 14, 1
227, 492, 37, 15, 1
228, 492, 37, 16, 1
229, 492, 37, 17, 1
230, 492, 37, 18, 1
231, 492, 37, 19, 1
232, 492, 37, 20, 1
233, 492, 37, 21, 1
234, 492, 37, 22, 1
235, 492, 37, 23, 1
236, 492, 37, 24, 1
237, 492, 37, 25, 1
238, 492, 37, 26, 1
239, 492, 37, 27, 1
240, 492, 37, 28, 1
241, 492, 37, 29, 1
242, 492, 37, 30, 1
243, 492, 37, 31, 1
244, 492, 37, 32, 1
245, 492, 37, 33, 1
246, 492, 37, 34, 1
247, 492, 37, 35, 1
248, 492, 37, 36, 1
249, 492, 37, 37, 1
250, 492, 37, 38, 1
251, 492, 37, 39, 1
252, 492, 37, 40, 1
253, 492, 37, 41, 1
254, 492, 37, 42, 1
255, 492, 37, 43, 1
256, 492, 37, 44, 1
257, 492, 37, 45, 1
258, 492, 37, 46, 1
259, 492, 37, 47, 1
260, 492, 37, 48, 1
261, 492, 37, 49, 1
262, 492, 37, 50, 1
263, 492, 37, 51, 1
264, 492, 37, 52, 1
265, 492, 37, 53, 1
266, 492, 37, 54, 1
267, 492, 37, 55, 1
268, 492, 37, 56, 1
269, 492, 37, 57, 1
270, 492, 37, 58, 1
271, 492, 37, 59, 1
272, 492, 37, 60, 1
273, 492, 37, 61, 1
274, 492, 37, 62, 1
275, 492, 37, 63, 1
276, 492, 37, 64, 1
277, 492, 37, 65, 1
278, 492, 37, 66, 1
279, 492, 37, 67, 1
280, 492, 37, 68, 1
281, 492, 37, 69, 1
282, 492, 37, 70, 1
283, 492, 37, 71, 1
284, 492, 37, 72, 1
285, 492, 37, 73, 1
286, 492, 37, 74, 1
287, 492, 37, 75, 1
288, 492, 37, 76, 1
289, 492, 37, 77, 1
290, 492, 37, 78, 1
291, 492, 37, 79, 1
292, 492, 37, 80, 1
293, 492, 37, 81, 1
294, 492, 37, 82, 1
295, 492, 37, 83, 1
296, 492, 37, 84, 1
297, 492, 37, 85, 1
298, 492, 37, 86, 1
299, 492, 37, 87, 1
300, 492, 37, 88, 1
301, 492, 37, 89, 1
302, 492, 37, 90, 1
303, 492, 37, 91, 1
304, 492, 37, 92, 1
305, 492, 37, 93, 1
306, 492, 37, 94, 1
307, 492, 37, 95, 1
308, 492, 37, 96, 1
309, 492, 37, 97, 1
310, 492, 37, 98, 1
311, 492, 37, 99, 1
312, 492, 37, 100, 1
313, 492, 38, 1, 1
314, 492, 38, 2, 1
315, 492, 38, 3, 1
316, 492, 38, 4, 1
317, 492, 38, 5, 1
318, 492, 38, 6, 1
319, 492, 38, 7, 1
320, 492, 38, 8, 1
321, 492, 38, 9, 1
322, 492, 38, 10, 1
323, 492, 38, 11, 1
324, 492, 38, 12, 1
325, 492, 38, 13, 1
326, 492, 38, 14, 1
327, 492, 38, 15, 1
328, 492, 38, 16, 1
329, 492, 38, 17, 1
330, 492, 38, 18, 1
331, 492, 38, 19, 1
332, 492, 38, 20, 1
333, 492, 38, 21, 1
334, 492, 38, 22, 1
335, 492, 38, 23, 1
336, 492, 38, 24, 1
337, 492, 38, 25, 1
338, 492, 38, 26, 1
339, 492, 38, 27, 1
340, 492, 38, 28, 1
341, 492, 38, 29, 1
342, 492, 38, 30, 1
343, 492, 38, 31, 1
344, 492, 38, 32, 1
345, 492, 38, 33, 1
346, 492, 38, 34, 1
347, 492, 38, 35, 1
348, 492, 38, 36, 1
349, 492, 38, 37, 1
350, 492, 38, 38, 1
351, 492, 38, 39, 1
352, 492, 38, 40, 1
353, 492, 38, 41, 1
354, 492, 38, 42, 1
355, 492, 38, 43, 1
356, 492, 38, 44, 1
357, 492, 38, 45, 1
358, 492, 38, 46, 1
359, 492, 38, 47, 1
360, 492, 38, 48, 1
361, 492, 38, 49, 1
362, 492, 38, 50, 1
363, 492, 38, 51, 1
364, 492, 38, 52, 1
365, 492, 38, 53, 1
366, 492, 38, 54, 1
367, 492, 38, 55, 1
368, 492, 38, 56, 1
369, 492, 38, 57, 1
370, 492, 38, 58, 1
371, 492, 38, 59, 1
372, 492, 38, 60, 1
373, 492, 38, 61, 1
374, 492, 38, 62, 1
375, 492, 38, 63, 1
376, 492, 38, 64, 1
377, 492, 38, 65, 1
378, 492, 38, 66, 1
379, 492, 38, 67, 1
380, 492, 38, 68, 1
381, 492, 38, 69, 1
382, 492, 38, 70, 1
383, 492, 38, 71, 1
384, 492, 38, 72, 1
385, 492, 38, 73, 1
386, 492, 38, 74, 1
387, 492, 38, 75, 1
388, 492, 38, 76, 1
389, 492, 38, 77, 1
390, 492, 38, 78, 1
391, 492, 38, 79, 1
392, 492, 38, 80, 1
393, 492, 38, 81, 1
394, 492, 38, 82, 1
395, 492, 38, 83, 1
396, 492, 38, 84, 1
397, 492, 38, 85, 1
398, 492, 38, 86, 1
399, 492, 38, 87, 1
400, 492, 38, 88, 1
401, 492, 38, 89, 1
402, 492, 38, 90, 1
403, 492, 38, 91, 1
404, 492, 38, 92, 1
405, 492, 38, 93, 1
406, 492, 38, 94, 1
407, 492, 38, 95, 1
408, 492, 38, 96, 1
409, 492, 38, 97, 1
410, 492, 38, 98, 1
411, 492, 38, 99, 1
412, 492, 38, 100, 1
413, 492, 39, 1, 1
414, 492, 39, 2, 1
415, 492, 39, 3, 1
416, 492, 39, 4, 1
417, 492, 39, 5, 1
418, 492, 39, 6, 1
419, 492, 39, 7, 1
420, 492, 39, 8, 1
421, 492, 39, 9, 1
422, 492, 39, 10, 1
423, 492, 39, 11, 1
424, 492, 39, 12, 1
425, 492, 39, 13, 1
426, 492, 39, 14, 1
427, 492, 39, 15, 1
428, 492, 39, 16, 1
429, 492, 39, 17, 1
430, 492, 39, 18, 1
431, 492, 39, 19, 1
432, 492, 39, 20, 1
433, 492, 39, 21, 1
434, 492, 39, 22, 1
435, 492, 39, 23, 1
436, 492, 39, 24, 1
437, 492, 39, 25, 1
438, 492, 39, 26, 1
439, 492, 39, 27, 1
440, 492, 39, 28, 1
441, 492, 39, 29, 1
442, 492, 39, 30, 1
443, 492, 39, 31, 1
444, 492, 39, 32, 1
445, 492, 39, 33, 1
446, 492, 39, 34, 1
447, 492, 39, 35, 1
448, 492, 39, 36, 1
449, 492, 39, 37, 1
450, 492, 39, 38, 1
451, 492, 39, 39, 1
452, 492, 39, 40, 1
453, 492, 39, 41, 1
454, 492, 39, 42, 1
455, 492, 39, 43, 1
456, 492, 39, 44, 1
457, 492, 39, 45, 1
458, 492, 39, 46, 1
459, 492, 39, 47, 1
460, 492, 39, 48, 1
461, 492, 39, 49, 1
462, 492, 39, 50, 1
463, 492, 39, 51, 1
464, 492, 39, 52, 1
465, 492, 39, 53, 1
466, 492, 39, 54, 1
467, 492, 39, 55, 1
468, 492, 39, 56, 1
469, 492, 39, 57, 1
470, 492, 39, 58, 1
471, 492, 39, 59, 1
472, 492, 39, 60, 1
473, 492, 39, 61, 1
474, 492, 39, 62, 1
475, 492, 39, 63, 1
476, 492, 39, 64, 1
477, 492, 39, 65, 1
478, 492, 39, 66, 1
479, 492, 39, 67, 1
480, 492, 39, 68, 1
481, 492, 39, 69, 1
482, 492, 39, 70, 1
483, 492, 39, 71, 1
484, 492, 39, 72, 1
1, 493, 39, 73, 1
2, 493, 39, 74, 1
3, 493, 39, 75, 1
4, 493, 39, 76, 1
5, 493, 39, 77, 1
6, 493, 39, 78, 1
7, 493, 39, 79, 1
8, 493, 39, 80, 1
9, 493, 39, 81, 1
10, 493, 39, 82, 1
11, 493, 39, 83, 1
12, 493, 39, 84, 1
13, 493, 39, 85, 1
14, 493, 39, 86, 1
15, 493, 39, 87, 1
16, 493, 39, 88, 1
17, 493, 39, 89, 1
18, 493, 39, 90, 1
19, 493, 39, 91, 1
20, 493, 39, 92, 1
21, 493, 39, 93, 1
22, 493, 39, 94, 1
23, 493, 39, 95, 1
24, 493, 39, 96, 1
25, 493, 39, 97, 1
26, 493, 39, 98, 1
27, 493, 39, 99, 1
28, 493, 39, 100, 1
29, 493, 40, 1, 1
30, 493, 40, 2, 1
31, 493, 40, 3, 1
32, 493, 40, 4, 1
33, 493, 40, 5, 1
34, 493, 40, 6, 1
35, 493, 40, 7, 1
36, 493, 40, 8, 1
37, 493, 40, 9, 1
38, 493, 40, 10, 1
39, 493, 40, 11, 1
40, 493, 40, 12, 1
41, 493, 40, 13, 1
42, 493, 40, 14, 1
43, 493, 40, 15, 1
44, 493, 40, 16, 1
45, 493, 40, 17, 1
46, 493, 40, 18, 1
47, 493, 40, 19, 1
48, 493, 40, 20, 1
49, 493, 40, 21, 1
50, 493, 40, 22, 1
51, 493, 40, 23, 1
52, 493, 40, 24, 1
53, 493, 40, 25, 1
54, 493, 40, 26, 1
55, 493, 40, 27, 1
56, 493, 40, 28, 1
57, 493, 40, 29, 1
58, 493, 40, 30, 1
59, 493, 40, 31, 1
60, 493, 40, 32, 1
61, 493, 40, 33, 1
62, 493, 40, 34, 1
63, 493, 40, 35, 1
64, 493, 40, 36, 1
65, 493, 40, 37, 1
66, 493, 40, 38, 1
67, 493, 40, 39, 1
68, 493, 40, 40, 1
69, 493, 40, 41, 1
70, 493, 40, 42, 1
71, 493, 40, 43, 1
72, 493, 40, 44, 1
73, 493, 40, 45, 1
74, 493, 40, 46, 1
75, 493, 40, 47, 1
76, 493, 40, 48, 1
77, 493, 40, 49, 1
78, 493, 40, 50, 1
79, 493, 40, 51, 1
80, 493, 40, 52, 1
81, 493, 40, 53, 1
82, 493, 40, 54, 1
83, 493, 40, 55, 1
84, 493, 40, 56, 1
85, 493, 40, 57, 1
86, 493, 40, 58, 1
87, 493, 40, 59, 1
88, 493, 40, 60, 1
89, 493, 40, 61, 1
90, 493, 40, 62, 1
91, 493, 40, 63, 1
92, 493, 40, 64, 1
93, 493, 40, 65, 1
94, 493, 40, 66, 1
95, 493, 40, 67, 1
96, 493, 40, 68, 1
97, 493, 40, 69, 1
98, 493, 40, 70, 1
99, 493, 40, 71, 1
100, 493, 40, 72, 1
101, 493, 40, 73, 1
102, 493, 40, 74, 1
103, 493, 40, 75, 1
104, 493, 40, 76, 1
105, 493, 40, 77, 1
106, 493, 40, 78, 1
107, 493, 40, 79, 1
108, 493, 40, 80, 1
109, 493, 40, 81, 1
110, 493, 40, 82, 1
111, 493, 40, 83, 1
112, 493, 40, 84, 1
113, 493, 40, 85, 1
114, 493, 40, 86, 1
115, 493, 40, 87, 1
116, 493, 40, 88, 1
117, 493, 40, 89, 1
118, 493, 40, 90, 1
119, 493, 40, 91, 1
120, 493, 40, 92, 1
121, 493, 40, 93, 1
122, 493, 40, 94, 1
123, 493, 40, 95, 1
124, 493, 40, 96, 1
125, 493, 40, 97, 1
126, 493, 40, 98, 1
127, 493, 40, 99, 1
128, 493, 40, 100, 1
129, 493, 41, 1, 1
130, 493, 41, 2, 1
131, 493, 41, 3, 1
132, 493, 41, 4, 1
133, 493, 41, 5, 1
134, 493, 41, 6, 1
135, 493, 41, 7, 1
136, 493, 41, 8, 1
137, 493, 41, 9, 1
138, 493, 41, 10, 1
139, 493, 41, 11, 1
140, 493, 41, 12, 1
141, 493, 41, 13, 1
142, 493, 41, 14, 1
143, 493, 41, 15, 1
144, 493, 41, 16, 1
145, 493, 41, 17, 1
146, 493, 41, 18, 1
147, 493, 41, 19, 1
148, 493, 41, 20, 1
149, 493, 41, 21, 1
150, 493, 41, 22, 1
151, 493, 41, 23, 1
152, 493, 41, 24, 1
153, 493, 41, 25, 1
154, 493, 41, 26, 1
155, 493, 41, 27, 1
156, 493, 41, 28, 1
157, 493, 41, 29, 1
158, 493, 41, 30, 1
159, 493, 41, 31, 1
160, 493, 41, 32, 1
161, 493, 41, 33, 1
162, 493, 41, 34, 1
163, 493, 41, 35, 1
164, 493, 41, 36, 1
165, 493, 41, 37, 1
166, 493, 41, 38, 1
167, 493, 41, 39, 1
168, 493, 41, 40, 1
169, 493, 41, 41, 1
170, 493, 41, 42, 1
171, 493, 41, 43, 1
172, 493, 41, 44, 1
173, 493, 41, 45, 1
174, 493, 41, 46, 1
175, 493, 41, 47, 1
176, 493, 41, 48, 1
177, 493, 41, 49, 1
178, 493, 41, 50, 1
179, 493, 41, 51, 1
180, 493, 41, 52, 1
181, 493, 41, 53, 1
182, 493, 41, 54, 1
183, 493, 41, 55, 1
184, 493, 41, 56, 1
185, 493, 41, 57, 1
186, 493, 41, 58, 1
187, 493, 41, 59, 1
188, 493, 41, 60, 1
189, 493, 41, 61, 1
190, 493, 41, 62, 1
191, 493, 41, 63, 1
192, 493, 41, 64, 1
193, 493, 41, 65, 1
194, 493, 41, 66, 1
195, 493, 41, 67, 1
196, 493, 41, 68, 1
197, 493, 41, 69, 1
198, 493, 41, 70, 1
199, 493, 41, 71, 1
200, 493, 41, 72, 1
201, 493, 41, 73, 1
202, 493, 41, 74, 1
203, 493, 41, 75, 1
204, 493, 41, 76, 1
205, 493, 41, 77, 1
206, 493, 41, 78, 1
207, 493, 41, 79, 1
208, 493, 41, 80, 1
209, 493, 41, 81, 1
210, 493, 41, 82, 1
211, 493, 41, 83, 1
212, 493, 41, 84, 1
213, 493, 41, 85, 1
214, 493, 41, 86, 1
215, 493, 41, 87, 1
216, 493, 41, 88, 1
217, 493, 41, 89, 1
218, 493, 41, 90, 1
219, 493, 41, 91, 1
220, 493, 41, 92, 1
221, 493, 41, 93, 1
222, 493, 41, 94, 1
223, 493, 41, 95, 1
224, 493, 41, 96, 1
225, 493, 41, 97, 1
226, 493, 41, 98, 1
227, 493, 41, 99, 1
228, 493, 41, 100, 1
229, 493, 42, 1, 1
230, 493, 42, 2, 1
231, 493, 42, 3, 1
232, 493, 42, 4, 1
233, 493, 42, 5, 1
234, 493, 42, 6, 1
235, 493, 42, 7, 1
236, 493, 42, 8, 1
237, 493, 42, 9, 1
238, 493, 42, 10, 1
239, 493, 42, 11, 1
240, 493, 42, 12, 1
241, 493, 42, 13, 1
242, 493, 42, 14, 1
243, 493, 42, 15, 1
244, 493, 42, 16, 1
245, 493, 42, 17, 1
246, 493, 42, 18, 1
247, 493, 42, 19, 1
248, 493, 42, 20, 1
249, 493, 42, 21, 1
250, 493, 42, 22, 1
251, 493, 42, 23, 1
252, 493, 42, 24, 1
253, 493, 42, 25, 1
254, 493, 42, 26, 1
255, 493, 42, 27, 1
256, 493, 42, 28, 1
257, 493, 42, 29, 1
258, 493, 42, 30, 1
259, 493, 42, 31, 1
260, 493, 42, 32, 1
261, 493, 42, 33, 1
262, 493, 42, 34, 1
263, 493, 42, 35, 1
264, 493, 42, 36, 1
265, 493, 42, 37, 1
266, 493, 42, 38, 1
267, 493, 42, 39, 1
268, 493, 42, 40, 1
269, 493, 42, 41, 1
270, 493, 42, 42, 1
271, 493, 42, 43, 1
272, 493, 42, 44, 1
273, 493, 42, 45, 1
274, 493, 42, 46, 1
275, 493, 42, 47, 1
276, 493, 42, 48, 1
277, 493, 42, 49, 1
278, 493, 42, 50, 1
279, 493, 42, 51, 1
280, 493, 42, 52, 1
281, 493, 42, 53, 1
282, 493, 42, 54, 1
283, 493, 42, 55, 1
284, 493, 42, 56, 1
285, 493, 42, 57, 1
286, 493, 42, 58, 1
287, 493, 42, 59, 1
288, 493, 42, 60, 1
289, 493, 42, 61, 1
290, 493, 42, 62, 1
291, 493, 42, 63, 1
292, 493, 42, 64, 1
293, 493, 42, 65, 1
294, 493, 42, 66, 1
295, 493, 42, 67, 1
296, 493, 42, 68, 1
297, 493, 42, 69, 1
298, 493, 42, 70, 1
299, 493, 42, 71, 1
300, 493, 42, 72, 1
301, 493, 42, 73, 1
302, 493, 42, 74, 1
303, 493, 42, 75, 1
304, 493, 42, 76, 1
305, 493, 42, 77, 1
306, 493, 42, 78, 1
307, 493, 42, 79, 1
308, 493, 42, 80, 1
309, 493, 42, 81, 1
310, 493, 42, 82, 1
311, 493, 42, 83, 1
312, 493, 42, 84, 1
313, 493, 42, 85, 1
314, 493, 42, 86, 1
315, 493, 42, 87, 1
316, 493, 42, 88, 1
317, 493, 42, 89, 1
318, 493, 42, 90, 1
319, 493, 42, 91, 1
320, 493, 42, 92, 1
321, 493, 42, 93, 1
322, 493, 42, 94, 1
323, 493, 42, 95, 1
324, 493, 42, 96, 1
325, 493, 42, 97, 1
326, 493, 42, 98, 1
327, 493, 42, 99, 1
328, 493, 42, 100, 1
329, 493, 43, 1, 1
330, 493, 43, 2, 1
331, 493, 43, 3, 1
332, 493, 43, 4, 1
333, 493, 43, 5, 1
334, 493, 43, 6, 1
335, 493, 43, 7, 1
336, 493, 43, 8, 1
337, 493, 43, 9, 1
338, 493, 43, 10, 1
339, 493, 43, 11, 1
340, 493, 43, 12, 1
341, 493, 43, 13, 1
342, 493, 43, 14, 1
343, 493, 43, 15, 1
344, 493, 43, 16, 1
345, 493, 43, 17, 1
346, 493, 43, 18, 1
347, 493, 43, 19, 1
348, 493, 43, 20, 1
349, 493, 43, 21, 1
350, 493, 43, 22, 1
351, 493, 43, 23, 1
352, 493, 43, 24, 1
353, 493, 43, 25, 1
354, 493, 43, 26, 1
355, 493, 43, 27, 1
356, 493, 43, 28, 1
357, 493, 43, 29, 1
358, 493, 43, 30, 1
359, 493, 43, 31, 1
360, 493, 43, 32, 1
361, 493, 43, 33, 1
362, 493, 43, 34, 1
363, 493, 43, 35, 1
364, 493, 43, 36, 1
365, 493, 43, 37, 1
366, 493, 43, 38, 1
367, 493, 43, 39, 1
368, 493, 43, 40, 1
369, 493, 43, 41, 1
370, 493, 43, 42, 1
371, 493, 43, 43, 1
372, 493, 43, 44, 1
373, 493, 43, 45, 1
374, 493, 43, 46, 1
375, 493, 43, 47, 1
376, 493, 43, 48, 1
377, 493, 43, 49, 1
378, 493, 43, 50, 1
379, 493, 43, 51, 1
380, 493, 43, 52, 1
381, 493, 43, 53, 1
382, 493, 43, 54, 1
383, 493, 43, 55, 1
384, 493, 43, 56, 1
385, 493, 43, 57, 1
386, 493, 43, 58, 1
387, 493, 43, 59, 1
388, 493, 43, 60, 1
389, 493, 43, 61, 1
390, 493, 43, 62, 1
391, 493, 43, 63, 1
392, 493, 43, 64, 1
393, 493, 43, 65, 1
394, 493, 43, 66, 1
395, 493, 43, 67, 1
396, 493, 43, 68, 1
397, 493, 43, 69, 1
398, 493, 43, 70, 1
399, 493, 43, 71, 1
400, 493, 43, 72, 1
401, 493, 43, 73, 1
402, 493, 43, 74, 1
403, 493, 43, 75, 1
404, 493, 43, 76, 1
405, 493, 43, 77, 1
406, 493, 43, 78, 1
407, 493, 43, 79, 1
408, 493, 43, 80, 1
409, 493, 43, 81, 1
410, 493, 43, 82, 1
411, 493, 43, 83, 1
412, 493, 43, 84, 1
413, 493, 43, 85, 1
414, 493, 43, 86, 1
415, 493, 43, 87, 1
416, 493, 43, 88, 1
417, 493, 43, 89, 1
418, 493, 43, 90, 1
419, 493, 43, 91, 1
420, 493, 43, 92, 1
421, 493, 43, 93, 1
422, 493, 43, 94, 1
423, 493, 43, 95, 1
424, 493, 43, 96, 1
425, 493, 43, 97, 1
426, 493, 43, 98, 1
427, 493, 43, 99, 1
428, 493, 43, 100, 1
429, 493, 44, 1, 1
430, 493, 44, 2, 1
431, 493, 44, 3, 1
432, 493, 44, 4, 1
433, 493, 44, 5, 1
434, 493, 44, 6, 1
435, 493, 44, 7, 1
436, 493, 44, 8, 1
437, 493, 44, 9, 1
438, 493, 44, 10, 1
439, 493, 44, 11, 1
440, 493, 44, 12, 1
441, 493, 44, 13, 1
442, 493, 44, 14, 1
443, 493, 44, 15, 1
444, 493, 44, 16, 1
445, 493, 44, 17, 1
446, 493, 44, 18, 1
447, 493, 44, 19, 1
448, 493, 44, 20, 1
449, 493, 44, 21, 1
450, 493, 44, 22, 1
451, 493, 44, 23, 1
452, 493, 44, 24, 1
453, 493, 44, 25, 1
454, 493, 44, 26, 1
455, 493, 44, 27, 1
456, 493, 44, 28, 1
457, 493, 44, 29, 1
458, 493, 44, 30, 1
459, 493, 44, 31, 1
460, 493, 44, 32, 1
461, 493, 44, 33, 1
462, 493, 44, 34, 1
463, 493, 44, 35, 1
464, 493, 44, 36, 1
465, 493, 44, 37, 1
466, 493, 44, 38, 1
467, 493, 44, 39, 1
468, 493, 44, 40, 1
469, 493, 44, 41, 1
470, 493, 44, 42, 1
471, 493, 44, 43, 1
472, 493, 44, 44, 1
473, 493, 44, 45, 1
474, 493, 44, 46, 1
475, 493, 44, 47, 1
476, 493, 44, 48, 1
477, 493, 44, 49, 1
478, 493, 44, 50, 1
479, 493, 44, 51, 1
480, 493, 44, 52, 1
481, 493, 44, 53, 1
482, 493, 44, 54, 1
483, 493, 44, 55, 1
484, 493, 44, 56, 1
1, 494, 44, 57, 1
2, 494, 44, 58, 1
3, 494, 44, 59, 1
4, 494, 44, 60, 1
5, 494, 44, 61, 1
6, 494, 44, 62, 1
7, 494, 44, 63, 1
8, 494, 44, 64, 1
9, 494, 44, 65, 1
10, 494, 44, 66, 1
11, 494, 44, 67, 1
12, 494, 44, 68, 1
13, 494, 44, 69, 1
14, 494, 44, 70, 1
15, 494, 44, 71, 1
16, 494, 44, 72, 1
17, 494, 44, 73, 1
18, 494, 44, 74, 1
19, 494, 44, 75, 1
20, 494, 44, 76, 1
21, 494, 44, 77, 1
22, 494, 44, 78, 1
23, 494, 44, 79, 1
24, 494, 44, 80, 1
25, 494, 44, 81, 1
26, 494, 44, 82, 1
27, 494, 44, 83, 1
28, 494, 44, 84, 1
29, 494, 44, 85, 1
30, 494, 44, 86, 1
31, 494, 44, 87, 1
32, 494, 44, 88, 1
33, 494, 44, 89, 1
34, 494, 44, 90, 1
35, 494, 44, 91, 1
36, 494, 44, 92, 1
37, 494, 44, 93, 1
38, 494, 44, 94, 1
39, 494, 44, 95, 1
40, 494, 44, 96, 1
41, 494, 44, 97, 1
42, 494, 44, 98, 1
43, 494, 44, 99, 1
44, 494, 44, 100, 1
45, 494, 45, 1, 1
46, 494, 45, 2, 1
47, 494, 45, 3, 1
48, 494, 45, 4, 1
49, 494, 45, 5, 1
50, 494, 45, 6, 1
51, 494, 45, 7, 1
52, 494, 45, 8, 1
53, 494, 45, 9, 1
54, 494, 45, 10, 1
55, 494, 45, 11, 1
56, 494, 45, 12, 1
57, 494, 45, 13, 1
58, 494, 45, 14, 1
59, 494, 45, 15, 1
60, 494, 45, 16, 1
61, 494, 45, 17, 1
62, 494, 45, 18, 1
63, 494, 45, 19, 1
64, 494, 45, 20, 1
65, 494, 45, 21, 1
66, 494, 45, 22, 1
67, 494, 45, 23, 1
68, 494, 45, 24, 1
69, 494, 45, 25, 1
70, 494, 45, 26, 1
71, 494, 45, 27, 1
72, 494, 45, 28, 1
73, 494, 45, 29, 1
74, 494, 45, 30, 1
75, 494, 45, 31, 1
76, 494, 45, 32, 1
77, 494, 45, 33, 1
78, 494, 45, 34, 1
79, 494, 45, 35, 1
80, 494, 45, 36, 1
81, 494, 45, 37, 1
82, 494, 45, 38, 1
83, 494, 45, 39, 1
84, 494, 45, 40, 1
85, 494, 45, 41, 1
86, 494, 45, 42, 1
87, 494, 45, 43, 1
88, 494, 45, 44, 1
89, 494, 45, 45, 1
90, 494, 45, 46, 1
91, 494, 45, 47, 1
92, 494, 45, 48, 1
93, 494, 45, 49, 1
94, 494, 45, 50, 1
95, 494, 45, 51, 1
96, 494, 45, 52, 1
97, 494, 45, 53, 1
98, 494, 45, 54, 1
99, 494, 45, 55, 1
100, 494, 45, 56, 1
101, 494, 45, 57, 1
102, 494, 45, 58, 1
103, 494, 45, 59, 1
104, 494, 45, 60, 1
105, 494, 45, 61, 1
106, 494, 45, 62, 1
107, 494, 45, 63, 1
108, 494, 45, 64, 1
109, 494, 45, 65, 1
110, 494, 45, 66, 1
111, 494, 45, 67, 1
112, 494, 45, 68, 1
113, 494, 45, 69, 1
114, 494, 45, 70, 1
115, 494, 45, 71, 1
116, 494, 45, 72, 1
117, 494, 45, 73, 1
118, 494, 45, 74, 1
119, 494, 45, 75, 1
120, 494, 45, 76, 1
121, 494, 45, 77, 1
122, 494, 45, 78, 1
123, 494, 45, 79, 1
124, 494, 45, 80, 1
125, 494, 45, 81, 1
126, 494, 45, 82, 1
127, 494, 45, 83, 1
128, 494, 45, 84, 1
129, 494, 45, 85, 1
130, 494, 45, 86, 1
131, 494, 45, 87, 1
132, 494, 45, 88, 1
133, 494, 45, 89, 1
134, 494, 45, 90, 1
135, 494, 45, 91, 1
136, 494, 45, 92, 1
137, 494, 45, 93, 1
138, 494, 45, 94, 1
139, 494, 45, 95, 1
140, 494, 45, 96, 1
141, 494, 45, 97, 1
142, 494, 45, 98, 1
143, 494, 45, 99, 1
144, 494, 45, 100, 1
145, 494, 46, 1, 1
146, 494, 46, 2, 1
147, 494, 46, 3, 1
148, 494, 46, 4, 1
149, 494, 46, 5, 1
150, 494, 46, 6, 1
151, 494, 46, 7, 1
152, 494, 46, 8, 1
153, 494, 46, 9, 1
154, 494, 46, 10, 1
155, 494, 46, 11, 1
156, 494, 46, 12, 1
157, 494, 46, 13, 1
158, 494, 46, 14, 1
159, 494, 46, 15, 1
160, 494, 46, 16, 1
161, 494, 46, 17, 1
162, 494, 46, 18, 1
163, 494, 46, 19, 1
164, 494, 46, 20, 1
165, 494, 46, 21, 1
166, 494, 46, 22, 1
167, 494, 46, 23, 1
168, 494, 46, 24, 1
169, 494, 46, 25, 1
170, 494, 46, 26, 1
171, 494, 46, 27, 1
172, 494, 46, 28, 1
173, 494, 46, 29, 1
174, 494, 46, 30, 1
175, 494, 46, 31, 1
176, 494, 46, 32, 1
177, 494, 46, 33, 1
178, 494, 46, 34, 1
179, 494, 46, 35, 1
180, 494, 46, 36, 1
181, 494, 46, 37, 1
182, 494, 46, 38, 1
183, 494, 46, 39, 1
184, 494, 46, 40, 1
185, 494, 46, 41, 1
186, 494, 46, 42, 1
187, 494, 46, 43, 1
188, 494, 46, 44, 1
189, 494, 46, 45, 1
190, 494, 46, 46, 1
191, 494, 46, 47, 1
192, 494, 46, 48, 1
193, 494, 46, 49, 1
194, 494, 46, 50, 1
195, 494, 46, 51, 1
196, 494, 46, 52, 1
197, 494, 46, 53, 1
198, 494, 46, 54, 1
199, 494, 46, 55, 1
200, 494, 46, 56, 1
201, 494, 46, 57, 1
202, 494, 46, 58, 1
203, 494, 46, 59, 1
204, 494, 46, 60, 1
205, 494, 46, 61, 1
206, 494, 46, 62, 1
207, 494, 46, 63, 1
208, 494, 46, 64, 1
209, 494, 46, 65, 1
210, 494, 46, 66, 1
211, 494, 46, 67, 1
212, 494, 46, 68, 1
213, 494, 46, 69, 1
214, 494, 46, 70, 1
215, 494, 46, 71, 1
216, 494, 46, 72, 1
217, 494, 46, 73, 1
218, 494, 46, 74, 1
219, 494, 46, 75, 1
220, 494, 46, 76, 1
221, 494, 46, 77, 1
222, 494, 46, 78, 1
223, 494, 46, 79, 1
224, 494, 46, 80, 1
225, 494, 46, 81, 1
226, 494, 46, 82, 1
227, 494, 46, 83, 1
228, 494, 46, 84, 1
229, 494, 46, 85, 1
230, 494, 46, 86, 1
231, 494, 46, 87, 1
232, 494, 46, 88, 1
233, 494, 46, 89, 1
234, 494, 46, 90, 1
235, 494, 46, 91, 1
236, 494, 46, 92, 1
237, 494, 46, 93, 1
238, 494, 46, 94, 1
239, 494, 46, 95, 1
240, 494, 46, 96, 1
241, 494, 46, 97, 1
242, 494, 46, 98, 1
243, 494, 46, 99, 1
244, 494, 46, 100, 1
245, 494, 47, 1, 1
246, 494, 47, 2, 1
247, 494, 47, 3, 1
248, 494, 47, 4, 1
249, 494, 47, 5, 1
250, 494, 47, 6, 1
251, 494, 47, 7, 1
252, 494, 47, 8, 1
253, 494, 47, 9, 1
254, 494, 47, 10, 1
255, 494, 47, 11, 1
256, 494, 47, 12, 1
257, 494, 47, 13, 1
258, 494, 47, 14, 1
259, 494, 47, 15, 1
260, 494, 47, 16, 1
261, 494, 47, 17, 1
262, 494, 47, 18, 1
263, 494, 47, 19, 1
264, 494, 47, 20, 1
265, 494, 47, 21, 1
266, 494, 47, 22, 1
267, 494, 47, 23, 1
268, 494, 47, 24, 1
269, 494, 47, 25, 1
270, 494, 47, 26, 1
271, 494, 47, 27, 1
272, 494, 47, 28, 1
273, 494, 47, 29, 1
274, 494, 47, 30, 1
275, 494, 47, 31, 1
276, 494, 47, 32, 1
277, 494, 47, 33, 1
278, 494, 47, 34, 1
279, 494, 47, 35, 1
280, 494, 47, 36, 1
281, 494, 47, 37, 1
282, 494, 47, 38, 1
283, 494, 47, 39, 1
284, 494, 47, 40, 1
285, 494, 47, 41, 1
286, 494, 47, 42, 1
287, 494, 47, 43, 1
288, 494, 47, 44, 1
289, 494, 47, 45, 1
290, 494, 47, 46, 1
291, 494, 47, 47, 1
292, 494, 47, 48, 1
293, 494, 47, 49, 1
294, 494, 47, 50, 1
295, 494, 47, 51, 1
296, 494, 47, 52, 1
297, 494, 47, 53, 1
298, 494, 47, 54, 1
299, 494, 47, 55, 1
300, 494, 47, 56, 1
301, 494, 47, 57, 1
302, 494, 47, 58, 1
303, 494, 47, 59, 1
304, 494, 47, 60, 1
305, 494, 47, 61, 1
306, 494, 47, 62, 1
307, 494, 47, 63, 1
308, 494, 47, 64, 1
309, 494, 47, 65, 1
310, 494, 47, 66, 1
311, 494, 47, 67, 1
312, 494, 47, 68, 1
313, 494, 47, 69, 1
314, 494, 47, 70, 1
315, 494, 47, 71, 1
316, 494, 47, 72, 1
317, 494, 47, 73, 1
318, 494, 47, 74, 1
319, 494, 47, 75, 1
320, 494, 47, 76, 1
321, 494, 47, 77, 1
322, 494, 47, 78, 1
323, 494, 47, 79, 1
324, 494, 47, 80, 1
325, 494, 47, 81, 1
326, 494, 47, 82, 1
327, 494, 47, 83, 1
328, 494, 47, 84, 1
329, 494, 47, 85, 1
330, 494, 47, 86, 1
331, 494, 47, 87, 1
332, 494, 47, 88, 1
333, 494, 47, 89, 1
334, 494, 47, 90, 1
335, 494, 47, 91, 1
336, 494, 47, 92, 1
337, 494, 47, 93, 1
338, 494, 47, 94, 1
339, 494, 47, 95, 1
340, 494, 47, 96, 1
341, 494, 47, 97, 1
342, 494, 47, 98, 1
343, 494, 47, 99, 1
344, 494, 47, 100, 1
345, 494, 48, 1, 1
346, 494, 48, 2, 1
347, 494, 48, 3, 1
348, 494, 48, 4, 1
349, 494, 48, 5, 1
350, 494, 48, 6, 1
351, 494, 48, 7, 1
352, 494, 48, 8, 1
353, 494, 48, 9, 1
354, 494, 48, 10, 1
355, 494, 48, 11, 1
356, 494, 48, 12, 1
357, 494, 48, 13, 1
358, 494, 48, 14, 1
359, 494, 48, 15, 1
360, 494, 48, 16, 1
361, 494, 48, 17, 1
362, 494, 48, 18, 1
363, 494, 48, 19, 1
364, 494, 48, 20, 1
365, 494, 48, 21, 1
366, 494, 48, 22, 1
367, 494, 48, 23, 1
368, 494, 48, 24, 1
369, 494, 48, 25, 1
370, 494, 48, 26, 1
371, 494, 48, 27, 1
372, 494, 48, 28, 1
373, 494, 48, 29, 1
374, 494, 48, 30, 1
375, 494, 48, 31, 1
376, 494, 48, 32, 1
377, 494, 48, 33, 1
378, 494, 48, 34, 1
379, 494, 48, 35, 1
380, 494, 48, 36, 1
381, 494, 48, 37, 1
382, 494, 48, 38, 1
383, 494, 48, 39, 1
384, 494, 48, 40, 1
385, 494, 48, 41, 1
386, 494, 48, 42, 1
387, 494, 48, 43, 1
388, 494, 48, 44, 1
389, 494, 48, 45, 1
390, 494, 48, 46, 1
391, 494, 48, 47, 1
392, 494, 48, 48, 1
393, 494, 48, 49, 1
394, 494, 48, 50, 1
395, 494, 48, 51, 1
396, 494, 48, 52, 1
397, 494, 48, 53, 1
398, 494, 48, 54, 1
399, 494, 48, 55, 1
400, 494, 48, 56, 1
401, 494, 48, 57, 1
402, 494, 48, 58, 1
403, 494, 48, 59, 1
404, 494, 48, 60, 1
405, 494, 48, 61, 1
406, 494, 48, 62, 1
407, 494, 48, 63, 1
408, 494, 48, 64, 1
409, 494, 48, 65, 1
410, 494, 48, 66, 1
411, 494, 48, 67, 1
412, 494, 48, 68, 1
413, 494, 48, 69, 1
414, 494, 48, 70, 1
415, 494, 48, 71, 1
416, 494, 48, 72, 1
417, 494, 48, 73, 1
418, 494, 48, 74, 1
419, 494, 48, 75, 1
420, 494, 48, 76, 1
421, 494, 48, 77, 1
422, 494, 48, 78, 1
423, 494, 48, 79, 1
424, 494, 48, 80, 1
425, 494, 48, 81, 1
426, 494, 48, 82, 1
427, 494, 48, 83, 1
428, 494, 48, 84, 1
429, 494, 48, 85, 1
430, 494, 48, 86, 1
431, 494, 48, 87, 1
432, 494, 48, 88, 1
433, 494, 48, 89, 1
434, 494, 48, 90, 1
435, 494, 48, 91, 1
436, 494, 48, 92, 1
437, 494, 48, 93, 1
438, 494, 48, 94, 1
439, 494, 48, 95, 1
440, 494, 48, 96, 1
441, 494, 48, 97, 1
442, 494, 48, 98, 1
443, 494, 48, 99, 1
444, 494, 48, 100, 1
445, 494, 49, 1, 1
446, 494, 49, 2, 1
447, 494, 49, 3, 1
448, 494, 49, 4, 1
449, 494, 49, 5, 1
450, 494, 49, 6, 1
451, 494, 49, 7, 1
452, 494, 49, 8, 1
453, 494, 49, 9, 1
454, 494, 49, 10, 1
455, 494, 49, 11, 1
456, 494, 49, 12, 1
457, 494, 49, 13, 1
458, 494, 49, 14, 1
459, 494, 49, 15, 1
460, 494, 49, 16, 1
461, 494, 49, 17, 1
462, 494, 49, 18, 1
463, 494, 49, 19, 1
464, 494, 49, 20, 1
465, 494, 49, 21, 1
466, 494, 49, 22, 1
467, 494, 49, 23, 1
468, 494, 49, 24, 1
469, 494, 49, 25, 1
470, 494, 49, 26, 1
471, 494, 49, 27, 1
472, 494, 49, 28, 1
473, 494, 49, 29, 1
474, 494, 49, 30, 1
475, 494, 49, 31, 1
476, 494, 49, 32, 1
477, 494, 49, 33, 1
478, 494, 49, 34, 1
479, 494, 49, 35, 1
480, 494, 49, 36, 1
481, 494, 49, 37, 1
482, 494, 49, 38, 1
483, 494, 49, 39, 1
484, 494, 49, 40, 1