0 - 2
1 - 2
2 - 1, 2
3 - 2
4 - 2
5 - 2 
6 - 1, 2
7 - 2
8 - 1, 2
9 - 2
10 - 1, 2
11 - 2
12 - 2
13 - 2
14 - 1, 2
15 - 1, 2
16 - 1, 2
17 - 1, 2
18 - 1, 2
19 - 1, 2
20 - 1, 2
21 - 2
22 - 2
23 - 2
24 - 1, 2
25 - 1, 3
26 - 1, 3
27 - 1, 3
28 - 1, 3
29 - 1, 3
30 - 1, 3
31 - 3
32 - 3
33 - 3
34 - 3
35 - 1, 3
36 - 1, 3
37 - 1, 3
38 - 1, 3
39 - 1, 3
40 - 1, 3
41 - 3
42 - 3
43 - 3
44 - 3 
45 - 1, 3
46 - 1, 3
47 - 1, 3
48 - 1, 3
49 - 1, 3
50 - 4
51 - 4
52 - 1, 4
53 - 4
54 - 4
55 - 4
56 - 4
57 - 1, 4
58 - 4
59 - 4
60 - 4
61 - 4
62 - 1, 4
63 - 4
64 - 4
65 - 4
66 - 4
67 - 1, 4
68 - 4
69 - 4
70 - 4
71 - 4
72 - 1, 4
73 - 4
74 - 4
75 - 5
76 - 1, 5
77 - 1, 5
78 - 1, 5
79 - 5
80 - 5
81 - 1, 5
82 - 5
83 - 1, 5
84 - 5
85 - 5
86 - 1, 5
87 - 5
88 - 1, 5
89 - 5
90 - 5
91 - 1, 5
92 - 5
93 - 1, 5
94 - 5
95 - 5
96 - 1, 5 
97 - 1, 5
98 - 1, 5
99 - 5
100 - 1, 6
101 - 6
102 - 6 
103 - 6 
104 - 1, 6
105 - 1, 6
106 - 6
107 - 6
108 - 6
109 - 1, 6
110 - 1, 6
111 - 6
112 - 6
113 - 6
114 - 1, 6
115 - 1, 6
116 - 6
117 - 6
118 - 6
119 - 1, 6
120 - 1, 6
121 - 1, 6
122 - 1, 6
123 - 1, 6
124 - 1, 6
